16/01/2017 13:08:46.636000
16
244
 	Ток статора                     	Служебный канал                 	Напряжение статора              	Реактивная мощность             	
0	265,6	0	0	0,1	
1	265,6	0	0	0,1	
2	265,6	0	0	0,1	
3	265,6	0	0	0,1	
4	265,6	0	0	0,1	
5	265,6	0	0	0,1	
6	265,6	0	0	0,1	
7	265,6	0	0	0,1	
8	265,6	0	0	0,1	
9	265,6	0	0	0,1	
10	265,6	0	0	0,1	
11	265,6	0	0	0,1	
12	265,6	0	0	0,1	
13	265,6	0	0	0,1	
14	265,6	0	0	0,1	
15	265,6	0	0	0,1	
16	265,6	0	0	0,1	
17	265,6	0	0	0,1	
18	265,6	0	0	0,1	
19	265,6	0	0	0,1	
20	265,6	0	0	0,1	
21	265,6	0	0	0,1	
22	265,6	0	0	0,1	
23	265,6	0	0	0,1	
24	265,6	0	0	0,1	
25	265,6	0	0	0,1	
26	265,6	0	0	0,1	
27	265,6	0	0	0,1	
28	265,6	0	0	0,1	
29	265,6	0	0	0,1	
30	265,6	0	0	0,1	
31	265,6	0	0	0,1	
32	265,6	0	0	0,1	
33	265,6	0	0	0,1	
34	265,6	0	0	0,1	
35	265,6	0	0	0,1	
36	265,6	0	0	0,1	
37	265,6	0	0	0,1	
38	265,6	0	0	0,1	
39	265,6	0	0	0,1	
40	265,6	0	0	0,1	
41	265,6	0	0	0,1	
42	265,6	0	0	0,1	
43	265,6	0	0	0,1	
44	265,6	0	0	0,1	
45	265,6	0	0	0,1	
46	265,6	0	0	0,1	
47	265,6	0	0	0,1	
48	265,6	0	0	0,1	
49	265,6	0	0	0,1	
50	265,6	0	0	0,1	
51	265,6	0	0	0,1	
52	265,6	0	0	0,1	
53	265,6	0	0	0,1	
54	265,6	0	0	0,1	
55	265,6	0	0	0,1	
56	265,6	0	0	0,1	
57	265,6	0	0	0,1	
58	265,6	0	0	0,1	
59	265,6	0	0	0,1	
60	265,6	0	0	0,1	
61	265,6	0	0	0,1	
62	265,6	0	0	0,1	
63	265,6	0	0	0,1	
64	265,6	0	0	0,1	
65	265,6	0	0	0,1	
66	265,6	0	0	0,1	
67	265,6	0	0	0,1	
68	265,6	0	0	0,1	
69	265,6	0	0	0,1	
70	265,6	0	0	0,1	
71	265,6	0	0	0,1	
72	265,6	0	0	0,1	
73	265,6	0	0	0,1	
74	265,6	0	0	0,1	
75	265,6	0	0	0,1	
76	265,6	0	0	0,1	
77	265,6	0	0	0,1	
78	265,6	0	0	0,1	
79	265,6	0	0	0,1	
80	265,6	0	0	0,1	
81	265,6	0	0	0,1	
82	265,6	0	0	0,1	
83	265,6	0	0	0,1	
84	265,6	0	0	0,1	
85	265,6	0	0	0,1	
86	265,6	0	0	0,1	
87	265,6	0	0	0,1	
88	265,6	0	0	0,1	
89	265,6	0	0	0,1	
90	265,6	0	0	0,1	
91	265,6	0	0	0,1	
92	265,6	0	0	0,1	
93	265,6	0	0	0,1	
94	265,6	0	0	0,1	
95	265,6	0	0	0,1	
96	265,6	0	0	0,1	
97	265,6	0	0	0,1	
98	265,6	0	0	0,1	
99	265,6	0	0	0,1	
100	265,6	0	0	0,1	
101	265,6	0	0	0,1	
102	265,6	0	0	0,1	
103	265,6	0	0	0,1	
104	265,6	0	0	0,1	
105	265,6	0	0	0,1	
106	265,6	0	0	0,1	
107	265,6	0	0	0,1	
108	265,6	0	0	0,1	
109	265,6	0	0	0,1	
110	265,6	0	0	0,1	
111	265,6	0	0	0,1	
112	265,6	0	0	0,1	
113	265,6	0	0	0,1	
114	265,6	0	0	0,1	
115	265,6	0	0	0,1	
116	265,6	0	0	0,1	
117	265,6	0	0	0,1	
118	265,6	0	0	0,1	
119	265,6	0	0	0,1	
120	265,6	0	0	0,1	
121	265,6	0	0	0,1	
122	265,6	0	0	0,1	
123	265,6	0	0	0,1	
124	265,6	0	0	0,1	
125	265,6	0	0	0,1	
126	265,6	0	0	0,1	
127	265,6	0	0	0,1	
128	265,6	0	0	0,1	
129	265,6	0	0	0,1	
130	265,6	0	0	0,1	
131	265,6	0	0	0,1	
132	265,6	0	0	0,1	
133	265,6	0	0	0,1	
134	265,6	0	0	0,1	
135	265,6	0	0	0,1	
136	265,6	0	0	0,1	
137	265,6	0	0	0,1	
138	265,6	0	0	0,1	
139	265,6	0	0	0,1	
140	265,6	0	0	0,1	
141	265,6	0	0	0,1	
142	265,6	0	0	0,1	
143	265,6	0	0	0,1	
144	265,6	0	0	0,1	
145	265,6	0	0	0,1	
146	265,6	0	0	0,1	
147	265,6	0	0	0,1	
148	265,6	0	0	0,1	
149	265,6	0	0	0,1	
150	265,6	0	0	0,1	
151	265,6	0	0	0,1	
152	265,6	0	0	0,1	
153	265,6	0	0	0,1	
154	265,6	0	0	0,1	
155	265,6	0	0	0,1	
156	265,6	0	0	0,1	
157	265,6	0	0	0,1	
158	265,6	0	0	0,1	
159	265,6	0	0	0,1	
160	265,6	0	0	0,1	
161	265,6	0	0	0,1	
162	265,6	0	0	0,1	
163	265,6	0	0	0,1	
164	265,6	0	0	0,1	
165	265,6	0	0	0,1	
166	265,6	0	0	0,1	
167	265,6	0	0	0,1	
168	265,6	0	0	0,1	
169	265,6	0	0	0,1	
170	265,6	0	0	0,1	
171	265,6	0	0	0,1	
172	265,6	0	0	0,1	
173	265,6	0	0	0,1	
174	265,6	0	0	0,1	
175	265,6	0	0	0,1	
176	265,6	0	0	0,1	
177	265,6	0	0	0,1	
178	265,6	0	0	0,1	
179	265,6	0	0	0,1	
180	265,6	0	0	0,1	
181	265,6	0	0	0,1	
182	265,6	0	0	0,1	
183	265,6	0	0	0,1	
184	265,6	0	0	0,1	
185	265,6	0	0	0,1	
186	265,6	0	0	0,1	
187	265,6	0	0	0,1	
188	265,6	0	0	0,1	
189	265,6	0	0	0,1	
190	265,6	0	0	0,1	
191	265,6	0	0	0,1	
192	265,6	0	0	0,1	
193	265,6	0	0	0,1	
194	265,6	0	0	0,1	
195	265,6	0	0	0,1	
196	265,6	0	0	0,1	
197	265,6	0	0	0,1	
198	265,6	0	0	0,1	
199	265,6	0	0	0,1	
200	265,6	0	0	0,1	
201	265,6	0	0	0,1	
202	265,6	0	0	0,1	
203	265,6	0	0	0,1	
204	265,6	0	0	0,1	
205	265,6	0	0	0,1	
206	265,6	0	0	0,1	
207	265,6	0	0	0,1	
208	265,6	0	0	0,1	
209	265,6	0	0	0,1	
210	265,6	0	0	0,1	
211	265,6	0	0	0,1	
212	265,6	0	0	0,1	
213	265,6	0	0	0,1	
214	265,6	0	0	0,1	
215	265,6	0	0	0,1	
216	265,6	0	0	0,1	
217	265,6	0	0	0,1	
218	265,6	0	0	0,1	
219	265,6	0	0	0,1	
220	265,6	0	0	0,1	
221	265,6	0	0	0,1	
222	265,6	0	0	0,1	
223	265,6	0	0	0,1	
224	265,6	0	0	0,1	
225	265,6	0	0	0,1	
226	265,6	0	0	0,1	
227	265,6	0	0	0,1	
228	265,6	0	0	0,1	
229	265,6	0	0	0,1	
230	265,6	0	0	0,1	
231	265,6	0	0	0,1	
232	265,6	0	0	0,1	
233	265,6	0	0	0,1	
234	265,6	0	0	0,1	
235	265,6	0	0	0,1	
236	265,6	0	0	0,1	
237	265,6	0	0	0,1	
238	265,6	0	0	0,1	
239	265,6	0	0	0,1	
240	265,6	0	0	0,1	
241	265,6	0	0	0,1	
242	265,6	0	0	0,1	
243	265,6	0	0	0,1	
244	265,6	0	0	0,1	
245	265,6	0	0	0,1	
246	265,6	0	0	0,1	
247	265,6	0	0	0,1	
248	265,6	0	0	0,1	
249	265,6	0	0	0,1	
250	265,6	0	0	0,1	
251	265,6	0	0	0,1	
252	265,6	0	0	0,1	
253	265,6	0	0	0,1	
254	265,6	0	0	0,1	
255	265,6	0	0	0,1	
256	265,6	0	0	0,1	
257	265,6	0	0	0,1	
258	265,6	0	0	0,1	
259	265,6	0	0	0,1	
260	265,6	0	0	0,1	
261	265,6	0	0	0,1	
262	265,6	0	0	0,1	
263	265,6	0	0	0,1	
264	265,6	0	0	0,1	
265	265,6	0	0	0,1	
266	265,6	0	0	0,1	
267	265,6	0	0	0,1	
268	265,6	0	0	0,1	
269	265,6	0	0	0,1	
270	265,6	0	0	0,1	
271	265,6	0	0	0,1	
272	265,6	0	0	0,1	
273	265,6	0	0	0,1	
274	265,6	0	0	0,1	
275	265,6	0	0	0,1	
276	265,6	0	0	0,1	
277	265,6	0	0	0,1	
278	265,6	0	0	0,1	
279	265,6	0	0	0,1	
280	265,6	0	0	0,1	
281	265,6	0	0	0,1	
282	265,6	0	0	0,1	
283	265,6	0	0	0,1	
284	265,6	0	0	0,1	
285	265,6	0	0	0,1	
286	265,6	0	0	0,1	
287	265,6	0	0	0,1	
288	265,6	0	0	0,1	
289	265,6	0	0	0,1	
290	265,6	0	0	0,1	
291	265,6	0	0	0,1	
292	265,6	0	0	0,1	
293	265,6	0	0	0,1	
294	265,6	0	0	0,1	
295	265,6	0	0	0,1	
296	265,6	0	0	0,1	
297	265,6	0	0	0,1	
298	265,6	0	0	0,1	
299	265,6	0	0	0,1	
300	265,6	0	0	0,1	
301	265,6	0	0	0,1	
302	265,6	0	0	0,1	
303	265,6	0	0	0,1	
304	265,6	0	0	0,1	
305	265,6	0	0	0,1	
306	265,6	0	0	0,1	
307	265,6	0	0	0,1	
308	265,6	0	0	0,1	
309	265,6	0	0	0,1	
310	265,6	0	0	0,1	
311	265,6	0	0	0,1	
312	265,6	0	0	0,1	
313	265,6	0	0	0,1	
314	265,6	0	0	0,1	
315	265,6	0	0	0,1	
316	265,6	0	0	0,1	
317	265,6	0	0	0,1	
318	265,6	0	0	0,1	
319	265,6	0	0	0,1	
320	265,6	0	0	0,1	
321	265,6	0	0	0,1	
322	265,6	0	0	0,1	
323	265,6	0	0	0,1	
324	265,6	0	0	0,1	
325	265,6	0	0	0,1	
326	265,6	0	0	0,1	
327	265,6	0	0	0,1	
328	265,6	0	0	0,1	
329	265,6	0	0	0,1	
330	265,6	0	0	0,1	
331	265,6	0	0	0,1	
332	265,6	0	0	0,1	
333	265,6	0	0	0,1	
334	265,6	0	0	0,1	
335	265,6	0	0	0,1	
336	265,6	0	0	0,1	
337	265,6	0	0	0,1	
338	265,6	0	0	0,1	
339	265,6	0	0	0,1	
340	265,6	0	0	0,1	
341	265,6	0	0	0,1	
342	265,6	0	0	0,1	
343	265,6	0	0	0,1	
344	265,6	0	0	0,1	
345	265,6	0	0	0,1	
346	265,6	0	0	0,1	
347	265,6	0	0	0,1	
348	265,6	0	0	0,1	
349	265,6	0	0	0,1	
350	265,6	0	0	0,1	
351	265,6	0	0	0,1	
352	265,6	0	0	0,1	
353	265,6	0	0	0,1	
354	265,6	0	0	0,1	
355	265,6	0	0	0,1	
356	265,6	0	0	0,1	
357	265,6	0	0	0,1	
358	265,6	0	0	0,1	
359	265,6	0	0	0,1	
360	265,6	0	0	0,1	
361	265,6	0	0	0,1	
362	265,6	0	0	0,1	
363	265,6	0	0	0,1	
364	265,6	0	0	0,1	
365	265,6	0	0	0,1	
366	265,6	0	0	0,1	
367	265,6	0	0	0,1	
368	265,6	0	0	0,1	
369	265,6	0	0	0,1	
370	265,6	0	0	0,1	
371	265,6	0	0	0,1	
372	265,6	0	0	0,1	
373	265,6	0	0	0,1	
374	265,6	0	0	0,1	
375	265,6	0	0	0,1	
376	265,6	0	0	0,1	
377	265,6	0	0	0,1	
378	265,6	0	0	0,1	
379	265,6	0	0	0,1	
380	265,6	0	0	0,1	
381	265,6	0	0	0,1	
382	265,6	0	0	0,1	
383	265,6	0	0	0,1	
384	265,6	0	0	0,1	
385	265,6	0	0	0,1	
386	265,6	0	0	0,1	
387	265,6	0	0	0,1	
388	265,6	0	0	0,1	
389	265,6	0	0	0,1	
390	265,6	0	0	0,1	
391	265,6	0	0	0,1	
392	265,6	0	0	0,1	
393	265,6	0	0	0,1	
394	265,6	0	0	0,1	
395	265,6	0	0	0,1	
396	265,6	0	0	0,1	
397	265,6	0	0	0,1	
398	265,6	0	0	0,1	
399	265,6	0	0	0,1	
400	265,6	0	0	0,1	
401	265,6	0	0	0,1	
402	265,6	0	0	0,1	
403	265,6	0	0	0,1	
404	265,6	0	0	0,1	
405	265,6	0	0	0,1	
406	265,6	0	0	0,1	
407	265,6	0	0	0,1	
408	265,6	0	0	0,1	
409	265,6	0	0	0,1	
410	265,6	0	0	0,1	
411	265,6	0	0	0,1	
412	265,6	0	0	0,1	
413	265,6	0	0	0,1	
414	265,6	0	0	0,1	
415	265,6	0	0	0,1	
416	265,6	0	0	0,1	
417	265,6	0	0	0,1	
418	265,6	0	0	0,1	
419	265,6	0	0	0,1	
420	265,6	0	0	0,1	
421	265,6	0	0	0,1	
422	265,6	0	0	0,1	
423	265,6	0	0	0,1	
424	265,6	0	0	0,1	
425	265,6	0	0	0,1	
426	265,6	0	0	0,1	
427	265,6	0	0	0,1	
428	265,6	0	0	0,1	
429	265,6	0	0	0,1	
430	265,6	0	0	0,1	
431	265,6	0	0	0,1	
432	265,6	0	0	0,1	
433	265,6	0	0	0,1	
434	265,6	0	0	0,1	
435	265,6	0	0	0,1	
436	265,6	0	0	0,1	
437	265,6	0	0	0,1	
438	265,6	0	0	0,1	
439	265,6	0	0	0,1	
440	265,6	0	0	0,1	
441	265,6	0	0	0,1	
442	265,6	0	0	0,1	
443	265,6	0	0	0,1	
444	265,6	0	0	0,1	
445	265,6	0	0	0,1	
446	265,6	0	0	0,1	
447	265,6	0	0	0,1	
448	265,6	0	0	0,1	
449	265,6	0	0	0,1	
450	265,6	0	0	0,1	
451	265,6	0	0	0,1	
452	265,6	0	0	0,1	
453	265,6	0	0	0,1	
454	265,6	0	0	0,1	
455	265,6	0	0	0,1	
456	265,6	0	0	0,1	
457	265,6	0	0	0,1	
458	265,6	0	0	0,1	
459	265,6	0	0	0,1	
460	265,6	0	0	0,1	
461	265,6	0	0	0,1	
462	265,6	0	0	0,1	
463	265,6	0	0	0,1	
464	265,6	0	0	0,1	
465	265,6	0	0	0,1	
466	265,6	0	0	0,1	
467	265,6	0	0	0,1	
468	265,6	0	0	0,1	
469	265,6	0	0	0,1	
470	265,6	0	0	0,1	
471	265,6	0	0	0,1	
472	265,6	0	0	0,1	
473	265,6	0	0	0,1	
474	265,6	0	0	0,1	
475	265,6	0	0	0,1	
476	265,6	0	0	0,1	
477	265,6	0	0	0,1	
478	265,6	0	0	0,1	
479	265,6	0	0	0,1	
480	265,6	0	0	0,1	
481	265,6	0	0	0,1	
482	265,6	0	0	0,1	
483	265,6	0	0	0,1	
484	265,6	0	0	0,1	
485	265,6	0	0	0,1	
486	265,6	0	0	0,1	
487	265,6	0	0	0,1	
488	265,6	0	0	0,1	
489	265,6	0	0	0,1	
490	265,6	0	0	0,1	
491	265,6	0	0	0,1	
492	265,6	0	0	0,1	
493	265,6	0	0	0,1	
494	265,6	0	0	0,1	
495	265,6	0	0	0,1	
496	265,6	0	0	0,1	
497	265,6	0	0	0,1	
498	265,6	0	0	0,1	
499	265,6	0	0	0,1	
500	265,6	0	0	0,1	
501	265,6	0	0	0,1	
502	265,6	0	0	0,1	
503	265,6	0	0	0,1	
504	265,6	0	0	0,1	
505	265,6	0	0	0,1	
506	265,6	0	0	0,1	
507	265,6	0	0	0,1	
508	265,6	0	0	0,1	
509	265,6	0	0	0,1	
510	265,6	0	0	0,1	
511	265,6	0	0	0,1	
512	265,6	0	0	0,1	
513	265,6	0	0	0,1	
514	265,6	0	0	0,1	
515	265,6	0	0	0,1	
516	265,6	0	0	0,1	
517	265,6	0	0	0,1	
518	265,6	0	0	0,1	
519	265,6	0	0	0,1	
520	265,6	0	0	0,1	
521	265,6	0	0	0,1	
522	265,6	0	0	0,1	
523	265,6	0	0	0,1	
524	265,6	0	0	0,1	
525	265,6	0	0	0,1	
526	265,6	0	0	0,1	
527	265,6	0	0	0,1	
528	265,6	0	0	0,1	
529	265,6	0	0	0,1	
530	265,6	0	0	0,1	
531	265,6	0	0	0,1	
532	265,6	0	0	0,1	
533	265,6	0	0	0,1	
534	265,6	0	0	0,1	
535	265,6	0	0	0,1	
536	265,6	0	0	0,1	
537	265,6	0	0	0,1	
538	265,6	0	0	0,1	
539	265,6	0	0	0,1	
540	265,6	0	0	0,1	
541	265,6	0	0	0,1	
542	265,6	0	0	0,1	
543	265,6	0	0	0,1	
544	265,6	0	0	0,1	
545	265,6	0	0	0,1	
546	265,6	0	0	0,1	
547	265,6	0	0	0,1	
548	265,6	0	0	0,1	
549	265,6	0	0	0,1	
550	265,6	0	0	0,1	
551	265,6	0	0	0,1	
552	265,6	0	0	0,1	
553	265,6	0	0	0,1	
554	265,6	0	0	0,1	
555	265,6	0	0	0,1	
556	265,6	0	0	0,1	
557	265,6	0	0	0,1	
558	265,6	0	0	0,1	
559	265,6	0	0	0,1	
560	265,6	0	0	0,1	
561	265,6	0	0	0,1	
562	265,6	0	0	0,1	
563	265,6	0	0	0,1	
564	265,6	0	0	0,1	
565	265,6	0	0	0,1	
566	265,6	0	0	0,1	
567	265,6	0	0	0,1	
568	265,6	0	0	0,1	
569	265,6	0	0	0,1	
570	265,6	0	0	0,1	
571	265,6	0	0	0,1	
572	265,6	0	0	0,1	
573	265,6	0	0	0,1	
574	265,6	0	0	0,1	
575	265,6	0	0	0,1	
576	265,6	0	0	0,1	
577	265,6	0	0	0,1	
578	265,6	0	0	0,1	
579	265,6	0	0	0,1	
580	265,6	0	0	0,1	
581	265,6	0	0	0,1	
582	265,6	0	0	0,1	
583	265,6	0	0	0,1	
584	265,6	0	0	0,1	
585	265,6	0	0	0,1	
586	265,6	0	0	0,1	
587	265,6	0	0	0,1	
588	265,6	0	0	0,1	
589	265,6	0	0	0,1	
590	265,6	0	0	0,1	
591	265,6	0	0	0,1	
592	265,6	0	0	0,1	
593	265,6	0	0	0,1	
594	265,6	0	0	0,1	
595	265,6	0	0	0,1	
596	265,6	0	0	0,1	
597	265,6	0	0	0,1	
598	265,6	0	0	0,1	
599	265,6	0	0	0,1	
600	265,6	0	0	0,1	
601	265,6	0	0	0,1	
602	265,6	0	0	0,1	
603	265,6	0	0	0,1	
604	265,6	0	0	0,1	
605	265,6	0	0	0,1	
606	265,6	0	0	0,1	
607	265,6	0	0	0,1	
608	265,6	0	0	0,1	
609	265,6	0	0	0,1	
610	265,6	0	0	0,1	
611	265,6	0	0	0,1	
612	265,6	0	0	0,1	
613	265,6	0	0	0,1	
614	265,6	0	0	0,1	
615	265,6	0	0	0,1	
616	265,6	0	0	0,1	
617	265,6	0	0	0,1	
618	265,6	0	0	0,1	
619	265,6	0	0	0,1	
620	265,6	0	0	0,1	
621	265,6	0	0	0,1	
622	265,6	0	0	0,1	
623	265,6	0	0	0,1	
624	265,6	0	0	0,1	
625	265,6	0	0	0,1	
626	265,6	0	0	0,1	
627	265,6	0	0	0,1	
628	265,6	0	0	0,1	
629	265,6	0	0	0,1	
630	265,6	0	0	0,1	
631	265,6	0	0	0,1	
632	265,6	0	0	0,1	
633	265,6	0	0	0,1	
634	265,6	0	0	0,1	
635	265,6	0	0	0,1	
636	265,6	0	0	0,1	
637	265,6	0	0	0,1	
638	265,6	0	0	0,1	
639	265,6	0	0	0,1	
640	265,6	0	0	0,1	
641	265,6	0	0	0,1	
642	265,6	0	0	0,1	
643	265,6	0	0	0,1	
644	265,6	0	0	0,1	
645	265,6	0	0	0,1	
646	265,6	0	0	0,1	
647	265,6	0	0	0,1	
648	265,6	0	0	0,1	
649	265,6	0	0	0,1	
650	265,6	0	0	0,1	
651	265,6	0	0	0,1	
652	265,6	0	0	0,1	
653	265,6	0	0	0,1	
654	265,6	0	0	0,1	
655	265,6	0	0	0,1	
656	265,6	0	0	0,1	
657	265,6	0	0	0,1	
658	265,6	0	0	0,1	
659	265,6	0	0	0,1	
660	265,6	0	0	0,1	
661	265,6	0	0	0,1	
662	265,6	0	0	0,1	
663	265,6	0	0	0,1	
664	265,6	0	0	0,1	
665	265,6	0	0	0,1	
666	265,6	0	0	0,1	
667	265,6	0	0	0,1	
668	265,6	0	0	0,1	
669	265,6	0	0	0,1	
670	265,6	0	0	0,1	
671	265,6	0	0	0,1	
672	265,6	0	0	0,1	
673	265,6	0	0	0,1	
674	265,6	0	0	0,1	
675	265,6	0	0	0,1	
676	265,6	0	0	0,1	
677	265,6	0	0	0,1	
678	265,6	0	0	0,1	
679	265,6	0	0	0,1	
680	265,6	0	0	0,1	
681	265,6	0	0	0,1	
682	265,6	0	0	0,1	
683	265,6	0	0	0,1	
684	265,6	0	0	0,1	
685	265,6	0	0	0,1	
686	265,6	0	0	0,1	
687	265,6	0	0	0,1	
688	265,6	0	0	0,1	
689	265,6	0	0	0,1	
690	265,6	0	0	0,1	
691	265,6	0	0	0,1	
692	265,6	0	0	0,1	
693	265,6	0	0	0,1	
694	265,6	0	0	0,1	
695	265,6	0	0	0,1	
696	265,6	0	0	0,1	
697	265,6	0	0	0,1	
698	265,6	0	0	0,1	
699	265,6	0	0	0,1	
700	265,6	0	0	0,1	
701	265,6	0	0	0,1	
702	265,6	0	0	0,1	
703	265,6	0	0	0,1	
704	265,6	0	0	0,1	
705	265,6	0	0	0,1	
706	265,6	0	0	0,1	
707	265,6	0	0	0,1	
708	265,6	0	0	0,1	
709	265,6	0	0	0,1	
710	265,6	0	0	0,1	
711	265,6	0	0	0,1	
712	265,6	0	0	0,1	
713	265,6	0	0	0,1	
714	265,6	0	0	0,1	
715	265,6	0	0	0,1	
716	265,6	0	0	0,1	
717	265,6	0	0	0,1	
718	265,6	0	0	0,1	
719	265,6	0	0	0,1	
720	265,6	0	0	0,1	
721	265,6	0	0	0,1	
722	265,6	0	0	0,1	
723	265,6	0	0	0,1	
724	265,6	0	0	0,1	
725	265,6	0	0	0,1	
726	265,6	0	0	0,1	
727	265,6	0	0	0,1	
728	265,6	0	0	0,1	
729	265,6	0	0	0,1	
730	265,6	0	0	0,1	
731	265,6	0	0	0,1	
732	265,6	0	0	0,1	
733	265,6	0	0	0,1	
734	265,6	0	0	0,1	
735	265,6	0	0	0,1	
736	265,6	0	0	0,1	
737	265,6	0	0	0,1	
738	265,6	0	0	0,1	
739	265,6	0	0	0,1	
740	265,6	0	0	0,1	
741	265,6	0	0	0,1	
742	265,6	0	0	0,1	
743	265,6	0	0	0,1	
744	265,6	0	0	0,1	
745	265,6	0	0	0,1	
746	265,6	0	0	0,1	
747	265,6	0	0	0,1	
748	265,6	0	0	0,1	
749	265,6	0	0	0,1	
750	265,6	0	0	0,1	
751	265,6	0	0	0,1	
752	265,6	0	0	0,1	
753	265,6	0	0	0,1	
754	265,6	0	0	0,1	
755	265,6	0	0	0,1	
756	265,6	0	0	0,1	
757	265,6	0	0	0,1	
758	265,6	0	0	0,1	
759	265,6	0	0	0,1	
760	265,6	0	0	0,1	
761	265,6	0	0	0,1	
762	265,6	0	0	0,1	
763	265,6	0	0	0,1	
764	265,6	0	0	0,1	
765	265,6	0	0	0,1	
766	265,6	0	0	0,1	
767	265,6	0	0	0,1	
768	265,6	0	0	0,1	
769	265,6	0	0	0,1	
770	265,6	0	0	0,1	
771	265,6	0	0	0,1	
772	265,6	0	0	0,1	
773	265,6	0	0	0,1	
774	265,6	0	0	0,1	
775	265,6	0	0	0,1	
776	265,6	0	0	0,1	
777	265,6	0	0	0,1	
778	265,6	0	0	0,1	
779	265,6	0	0	0,1	
780	265,6	0	0	0,1	
781	265,6	0	0	0,1	
782	265,6	0	0	0,1	
783	265,6	0	0	0,1	
784	265,6	0	0	0,1	
785	265,6	0	0	0,1	
786	265,6	0	0	0,1	
787	265,6	0	0	0,1	
788	265,6	0	0	0,1	
789	265,6	0	0	0,1	
790	265,6	0	0	0,1	
791	265,6	0	0	0,1	
792	265,6	0	0	0,1	
793	265,6	0	0	0,1	
794	265,6	0	0	0,1	
795	265,6	0	0	0,1	
796	265,6	0	0	0,1	
797	265,6	0	0	0,1	
798	265,6	0	0	0,1	
799	265,6	0	0	0,1	
800	265,6	0	0	0,1	
801	265,6	0	0	0,1	
802	265,6	0	0	0,1	
803	265,6	0	0	0,1	
804	265,6	0	0	0,1	
805	265,6	0	0	0,1	
806	265,6	0	0	0,1	
807	265,6	0	0	0,1	
808	265,6	0	0	0,1	
809	265,6	0	0	0,1	
810	265,6	0	0	0,1	
811	265,6	0	0	0,1	
812	265,6	0	0	0,1	
813	265,6	0	0	0,1	
814	265,6	0	0	0,1	
815	265,6	0	0	0,1	
816	265,6	0	0	0,1	
817	265,6	0	0	0,1	
818	265,6	0	0	0,1	
819	265,6	0	0	0,1	
820	265,6	0	0	0,1	
821	265,6	0	0	0,1	
822	265,6	0	0	0,1	
823	265,6	0	0	0,1	
824	265,6	0	0	0,1	
825	265,6	0	0	0,1	
826	265,6	0	0	0,1	
827	265,6	0	0	0,1	
828	265,6	0	0	0,1	
829	265,6	0	0	0,1	
830	265,6	0	0	0,1	
831	265,6	0	0	0,1	
832	265,6	0	0	0,1	
833	265,6	0	0	0,1	
834	265,6	0	0	0,1	
835	265,6	0	0	0,1	
836	265,6	0	0	0,1	
837	265,6	0	0	0,1	
838	265,6	0	0	0,1	
839	265,6	0	0	0,1	
840	265,6	0	0	0,1	
841	265,6	0	0	0,1	
842	265,6	0	0	0,1	
843	265,6	0	0	0,1	
844	265,6	0	0	0,1	
845	265,6	0	0	0,1	
846	265,6	0	0	0,1	
847	265,6	0	0	0,1	
848	265,6	0	0	0,1	
849	265,6	0	0	0,1	
850	265,6	0	0	0,1	
851	265,6	0	0	0,1	
852	265,6	0	0	0,1	
853	265,6	0	0	0,1	
854	265,6	0	0	0,1	
855	265,6	0	0	0,1	
856	265,6	0	0	0,1	
857	265,6	0	0	0,1	
858	265,6	0	0	0,1	
859	265,6	0	0	0,1	
860	265,6	0	0	0,1	
861	265,6	0	0	0,1	
862	265,6	0	0	0,1	
863	265,6	0	0	0,1	
864	265,6	0	0	0,1	
865	265,6	0	0	0,1	
866	265,6	0	0	0,1	
867	265,6	0	0	0,1	
868	265,6	0	0	0,1	
869	265,6	0	0	0,1	
870	265,6	0	0	0,1	
871	265,6	0	0	0,1	
872	265,6	0	0	0,1	
873	265,6	0	0	0,1	
874	265,6	0	0	0,1	
875	265,6	0	0	0,1	
876	265,6	0	0	0,1	
877	265,6	0	0	0,1	
878	265,6	0	0	0,1	
879	265,6	0	0	0,1	
880	265,6	0	0	0,1	
881	265,6	0	0	0,1	
882	265,6	0	0	0,1	
883	265,6	0	0	0,1	
884	265,6	0	0	0,1	
885	265,6	0	0	0,1	
886	265,6	0	0	0,1	
887	265,6	0	0	0,1	
888	265,6	0	0	0,1	
889	265,6	0	0	0,1	
890	265,6	0	0	0,1	
891	265,6	0	0	0,1	
892	265,6	0	0	0,1	
893	265,6	0	0	0,1	
894	265,6	0	0	0,1	
895	265,6	0	0	0,1	
896	265,6	0	0	0,1	
897	265,6	0	0	0,1	
898	265,6	0	0	0,1	
899	265,6	0	0	0,1	
900	265,6	0	0	0,1	
901	265,6	0	0	0,1	
902	265,6	0	0	0,1	
903	265,6	0	0	0,1	
904	265,6	0	0	0,1	
905	265,6	0	0	0,1	
906	265,6	0	0	0,1	
907	265,6	0	0	0,1	
908	265,6	0	0	0,1	
909	265,6	0	0	0,1	
910	265,6	0	0	0,1	
911	265,6	0	0	0,1	
912	265,6	0	0	0,1	
913	265,6	0	0	0,1	
914	265,6	0	0	0,1	
915	265,6	0	0	0,1	
916	265,6	0	0	0,1	
917	265,6	0	0	0,1	
918	265,6	0	0	0,1	
919	265,6	0	0	0,1	
920	265,6	0	0	0,1	
921	265,6	0	0	0,1	
922	265,6	0	0	0,1	
923	265,6	0	0	0,1	
924	265,6	0	0	0,1	
925	265,6	0	0	0,1	
926	265,6	0	0	0,1	
927	265,6	0	0	0,1	
928	265,6	0	0	0,1	
929	265,6	0	0	0,1	
930	265,6	0	0	0,1	
931	265,6	0	0	0,1	
932	265,6	0	0	0,1	
933	265,6	0	0	0,1	
934	265,6	0	0	0,1	
935	265,6	0	0	0,1	
936	265,6	0	0	0,1	
937	265,6	0	0	0,1	
938	265,6	0	0	0,1	
939	265,6	0	0	0,1	
940	265,6	0	0	0,1	
941	265,6	0	0	0,1	
942	265,6	0	0	0,1	
943	265,6	0	0	0,1	
944	265,6	0	0	0,1	
945	265,6	0	0	0,1	
946	265,6	0	0	0,1	
947	265,6	0	0	0,1	
948	265,6	0	0	0,1	
949	265,6	0	0	0,1	
950	265,6	0	0	0,1	
951	265,6	0	0	0,1	
952	265,6	0	0	0,1	
953	265,6	0	0	0,1	
954	265,6	0	0	0,1	
955	265,6	0	0	0,1	
956	265,6	0	0	0,1	
957	265,6	0	0	0,1	
958	265,6	0	0	0,1	
959	265,6	0	0	0,1	
960	265,6	0	0	0,1	
961	265,6	0	0	0,1	
962	265,6	0	0	0,1	
963	265,6	0	0	0,1	
964	265,6	0	0	0,1	
965	265,6	0	0	0,1	
966	265,6	0	0	0,1	
967	265,6	0	0	0,1	
968	265,6	0	0	0,1	
969	265,6	0	0	0,1	
970	265,6	0	0	0,1	
971	265,6	0	0	0,1	
972	265,6	0	0	0,1	
973	265,6	0	0	0,1	
974	265,6	0	0	0,1	
975	265,6	0	0	0,1	
976	265,6	0	0	0,1	
977	265,6	0	0	0,1	
978	265,6	0	0	0,1	
979	265,6	0	0	0,1	
980	265,6	0	0	0,1	
981	265,6	0	0	0,1	
982	265,6	0	0	0,1	
983	265,6	0	0	0,1	
984	265,6	0	0	0,1	
985	265,6	0	0	0,1	
986	265,6	0	0	0,1	
987	265,6	0	0	0,1	
988	265,6	0	0	0,1	
989	265,6	0	0	0,1	
990	265,6	0	0	0,1	
991	265,6	0	0	0,1	
992	265,6	0	0	0,1	
993	265,6	0	0	0,1	
994	265,6	0	0	0,1	
995	265,6	0	0	0,1	
996	265,6	0	0	0,1	
997	265,6	0	0	0,1	
998	265,6	0	0	0,1	
999	265,6	0	0	0,1	
1000	265,6	0	0	0,1	
1001	265,6	0	0	0,1	
1002	265,6	0	0	0,1	
1003	265,6	0	0	0,1	
1004	265,6	0	0	0,1	
1005	265,6	0	0	0,1	
1006	265,6	0	0	0,1	
1007	265,6	0	0	0,1	
1008	265,6	0	0	0,1	
1009	265,6	0	0	0,1	
1010	265,6	0	0	0,1	
1011	265,6	0	0	0,1	
1012	265,6	0	0	0,1	
1013	265,6	0	0	0,1	
1014	265,6	0	0	0,1	
1015	265,6	0	0	0,1	
1016	265,6	0	0	0,1	
1017	265,6	0	0	0,1	
1018	265,6	0	0	0,1	
1019	265,6	0	0	0,1	
1020	265,6	0	0	0,1	
1021	265,6	0	0	0,1	
1022	265,6	0	0	0,1	
1023	265,6	0	0	0,1	
1024	265,6	0	0	0,1	
1025	265,6	0	0	0,1	
1026	265,6	0	0	0,1	
1027	265,6	0	0	0,1	
1028	265,6	0	0	0,1	
1029	265,6	0	0	0,1	
1030	265,6	0	0	0,1	
1031	265,6	0	0	0,1	
1032	265,6	0	0	0,1	
1033	265,6	0	0	0,1	
1034	265,6	0	0	0,1	
1035	265,6	0	0	0,1	
1036	265,6	0	0	0,1	
1037	265,6	0	0	0,1	
1038	265,6	0	0	0,1	
1039	265,6	0	0	0,1	
1040	265,6	0	0	0,1	
1041	265,6	0	0	0,1	
1042	265,6	0	0	0,1	
1043	265,6	0	0	0,1	
1044	265,6	0	0	0,1	
1045	265,6	0	0	0,1	
1046	265,6	0	0	0,1	
1047	265,6	0	0	0,1	
1048	265,6	0	0	0,1	
1049	265,6	0	0	0,1	
1050	265,6	0	0	0,1	
1051	265,6	0	0	0,1	
1052	265,6	0	0	0,1	
1053	265,6	0	0	0,1	
1054	265,6	0	0	0,1	
1055	265,6	0	0	0,1	
1056	265,6	0	0	0,1	
1057	265,6	0	0	0,1	
1058	265,6	0	0	0,1	
1059	265,6	0	0	0,1	
1060	265,6	0	0	0,1	
1061	265,6	0	0	0,1	
1062	265,6	0	0	0,1	
1063	265,6	0	0	0,1	
1064	265,6	0	0	0,1	
1065	265,6	0	0	0,1	
1066	265,6	0	0	0,1	
1067	265,6	0	0	0,1	
1068	265,6	0	0	0,1	
1069	265,6	0	0	0,1	
1070	265,6	0	0	0,1	
1071	265,6	0	0	0,1	
1072	265,6	0	0	0,1	
1073	265,6	0	0	0,1	
1074	265,6	0	0	0,1	
1075	265,6	0	0	0,1	
1076	265,6	0	0	0,1	
1077	265,6	0	0	0,1	
1078	265,6	0	0	0,1	
1079	265,6	0	0	0,1	
1080	265,6	0	0	0,1	
1081	265,6	0	0	0,1	
1082	265,6	0	0	0,1	
1083	265,6	0	0	0,1	
1084	265,6	0	0	0,1	
1085	265,6	0	0	0,1	
1086	265,6	0	0	0,1	
1087	265,6	0	0	0,1	
1088	265,6	0	0	0,1	
1089	265,6	0	0	0,1	
1090	265,6	0	0	0,1	
1091	265,6	0	0	0,1	
1092	265,6	0	0	0,1	
1093	265,6	0	0	0,1	
1094	265,6	0	0	0,1	
1095	265,6	0	0	0,1	
1096	265,6	0	0	0,1	
1097	265,6	0	0	0,1	
1098	265,6	0	0	0,1	
1099	265,6	0	0	0,1	
1100	265,6	0	0	0,1	
1101	265,6	0	0	0,1	
1102	265,6	0	0	0,1	
1103	265,6	0	0	0,1	
1104	265,6	0	0	0,1	
1105	265,6	0	0	0,1	
1106	265,6	0	0	0,1	
1107	265,6	0	0	0,1	
1108	265,6	0	0	0,1	
1109	265,6	0	0	0,1	
1110	265,6	0	0	0,1	
1111	265,6	0	0	0,1	
1112	265,6	0	0	0,1	
1113	265,6	0	0	0,1	
1114	265,6	0	0	0,1	
1115	265,6	0	0	0,1	
1116	265,6	0	0	0,1	
1117	265,6	0	0	0,1	
1118	265,6	0	0	0,1	
1119	265,6	0	0	0,1	
1120	265,6	0	0	0,1	
1121	265,6	0	0	0,1	
1122	265,6	0	0	0,1	
1123	265,6	0	0	0,1	
1124	265,6	0	0	0,1	
1125	265,6	0	0	0,1	
1126	265,6	0	0	0,1	
1127	265,6	0	0	0,1	
1128	265,6	0	0	0,1	
1129	265,6	0	0	0,1	
1130	265,6	0	0	0,1	
1131	265,6	0	0	0,1	
1132	265,6	0	0	0,1	
1133	265,6	0	0	0,1	
1134	265,6	0	0	0,1	
1135	265,6	0	0	0,1	
1136	265,6	0	0	0,1	
1137	265,6	0	0	0,1	
1138	265,6	0	0	0,1	
1139	265,6	0	0	0,1	
1140	265,6	0	0	0,1	
1141	265,6	0	0	0,1	
1142	265,6	0	0	0,1	
1143	265,6	0	0	0,1	
1144	265,6	0	0	0,1	
1145	265,6	0	0	0,1	
1146	265,6	0	0	0,1	
1147	265,6	0	0	0,1	
1148	265,6	0	0	0,1	
1149	265,6	0	0	0,1	
1150	265,6	0	0	0,1	
1151	265,6	0	0	0,1	
1152	265,6	0	0	0,1	
1153	265,6	0	0	0,1	
1154	265,6	0	0	0,1	
1155	265,6	0	0	0,1	
1156	265,6	0	0	0,1	
1157	265,6	0	0	0,1	
1158	265,6	0	0	0,1	
1159	265,6	0	0	0,1	
1160	265,6	0	0	0,1	
1161	265,6	0	0	0,1	
1162	265,6	0	0	0,1	
1163	265,6	0	0	0,1	
1164	265,6	0	0	0,1	
1165	265,6	0	0	0,1	
1166	265,6	0	0	0,1	
1167	265,6	0	0	0,1	
1168	265,6	0	0	0,1	
1169	265,6	0	0	0,1	
1170	265,6	0	0	0,1	
1171	265,6	0	0	0,1	
1172	265,6	0	0	0,1	
1173	265,6	0	0	0,1	
1174	265,6	0	0	0,1	
1175	265,6	0	0	0,1	
1176	265,6	0	0	0,1	
1177	265,6	0	0	0,1	
1178	265,6	0	0	0,1	
1179	265,6	0	0	0,1	
1180	265,6	0	0	0,1	
1181	265,6	0	0	0,1	
1182	265,6	0	0	0,1	
1183	265,6	0	0	0,1	
1184	265,6	0	0	0,1	
1185	265,6	0	0	0,1	
1186	265,6	0	0	0,1	
1187	265,6	0	0	0,1	
1188	265,6	0	0	0,1	
1189	265,6	0	0	0,1	
1190	265,6	0	0	0,1	
1191	265,6	0	0	0,1	
1192	265,6	0	0	0,1	
1193	265,6	0	0	0,1	
1194	265,6	0	0	0,1	
1195	265,6	0	0	0,1	
1196	265,6	0	0	0,1	
1197	265,6	0	0	0,1	
1198	265,6	0	0	0,1	
1199	265,6	0	0	0,1	
1200	265,6	0	0	0,1	
1201	265,6	0	0	0,1	
1202	265,6	0	0	0,1	
1203	265,6	0	0	0,1	
1204	265,6	0	0	0,1	
1205	265,6	0	0	0,1	
1206	265,6	0	0	0,1	
1207	265,6	0	0	0,1	
1208	265,6	0	0	0,1	
1209	265,6	0	0	0,1	
1210	265,6	0	0	0,1	
1211	265,6	0	0	0,1	
1212	265,6	0	0	0,1	
1213	265,6	0	0	0,1	
1214	265,6	0	0	0,1	
1215	265,6	0	0	0,1	
1216	265,6	0	0	0,1	
1217	265,6	0	0	0,1	
1218	265,6	0	0	0,1	
1219	265,6	0	0	0,1	
1220	265,6	0	0	0,1	
1221	265,6	0	0	0,1	
1222	265,6	0	0	0,1	
1223	265,6	0	0	0,1	
1224	265,6	0	0	0,1	
1225	265,6	0	0	0,1	
1226	265,6	0	0	0,1	
1227	265,6	0	0	0,1	
1228	265,6	0	0	0,1	
1229	265,6	0	0	0,1	
1230	265,6	0	0	0,1	
1231	265,6	0	0	0,1	
1232	265,6	0	0	0,1	
1233	265,6	0	0	0,1	
1234	265,6	0	0	0,1	
1235	265,6	0	0	0,1	
1236	265,6	0	0	0,1	
1237	265,6	0	0	0,1	
1238	265,6	0	0	0,1	
1239	265,6	0	0	0,1	
1240	265,6	0	0	0,1	
1241	265,6	0	0	0,1	
1242	265,6	0	0	0,1	
1243	265,6	0	0	0,1	
1244	265,6	0	0	0,1	
1245	265,6	0	0	0,1	
1246	265,6	0	0	0,1	
1247	265,6	0	0	0,1	
1248	265,6	0	0	0,1	
1249	265,6	0	0	0,1	
1250	265,6	0	0	0,1	
1251	265,6	0	0	0,1	
1252	265,6	0	0	0,1	
1253	265,6	0	0	0,1	
1254	265,6	0	0	0,1	
1255	265,6	0	0	0,1	
1256	265,6	0	0	0,1	
1257	265,6	0	0	0,1	
1258	265,6	0	0	0,1	
1259	265,6	0	0	0,1	
1260	265,6	0	0	0,1	
1261	265,6	0	0	0,1	
1262	265,6	0	0	0,1	
1263	265,6	0	0	0,1	
1264	265,6	0	0	0,1	
1265	265,6	0	0	0,1	
1266	265,6	0	0	0,1	
1267	265,6	0	0	0,1	
1268	265,6	0	0	0,1	
1269	265,6	0	0	0,1	
1270	265,6	0	0	0,1	
1271	265,6	0	0	0,1	
1272	265,6	0	0	0,1	
1273	265,6	0	0	0,1	
1274	265,6	0	0	0,1	
1275	265,6	0	0	0,1	
1276	265,6	0	0	0,1	
1277	265,6	0	0	0,1	
1278	265,6	0	0	0,1	
1279	265,6	0	0	0,1	
1280	265,6	0	0	0,1	
1281	265,6	0	0	0,1	
1282	265,6	0	0	0,1	
1283	265,6	0	0	0,1	
1284	265,6	0	0	0,1	
1285	265,6	0	0	0,1	
1286	265,6	0	0	0,1	
1287	265,6	0	0	0,1	
1288	265,6	0	0	0,1	
1289	265,6	0	0	0,1	
1290	265,6	0	0	0,1	
1291	265,6	0	0	0,1	
1292	265,6	0	0	0,1	
1293	265,6	0	0	0,1	
1294	265,6	0	0	0,1	
1295	265,6	0	0	0,1	
1296	265,6	0	0	0,1	
1297	265,6	0	0	0,1	
1298	265,6	0	0	0,1	
1299	265,6	0	0	0,1	
1300	265,6	0	0	0,1	
1301	265,6	0	0	0,1	
1302	265,6	0	0	0,1	
1303	265,6	0	0	0,1	
1304	265,6	0	0	0,1	
1305	265,6	0	0	0,1	
1306	265,6	0	0	0,1	
1307	265,6	0	0	0,1	
1308	265,6	0	0	0,1	
1309	265,6	0	0	0,1	
1310	265,6	0	0	0,1	
1311	265,6	0	0	0,1	
1312	265,6	0	0	0,1	
1313	265,6	0	0	0,1	
1314	265,6	0	0	0,1	
1315	265,6	0	0	0,1	
1316	265,6	0	0	0,1	
1317	265,6	0	0	0,1	
1318	265,6	0	0	0,1	
1319	265,6	0	0	0,1	
1320	265,6	0	0	0,1	
1321	265,6	0	0	0,1	
1322	265,6	0	0	0,1	
1323	265,6	0	0	0,1	
1324	265,6	0	0	0,1	
1325	265,6	0	0	0,1	
1326	265,6	0	0	0,1	
1327	265,6	0	0	0,1	
1328	265,6	0	0	0,1	
1329	265,6	0	0	0,1	
1330	265,6	0	0	0,1	
1331	265,6	0	0	0,1	
1332	265,6	0	0	0,1	
1333	265,6	0	0	0,1	
1334	265,6	0	0	0,1	
1335	265,6	0	0	0,1	
1336	265,6	0	0	0,1	
1337	265,6	0	0	0,1	
1338	265,6	0	0	0,1	
1339	265,6	0	0	0,1	
1340	265,6	0	0	0,1	
1341	265,6	0	0	0,1	
1342	265,6	0	0	0,1	
1343	265,6	0	0	0,1	
1344	265,6	0	0	0,1	
1345	265,6	0	0	0,1	
1346	265,6	0	0	0,1	
1347	265,6	0	0	0,1	
1348	265,6	0	0	0,1	
1349	265,6	0	0	0,1	
1350	265,6	0	0	0,1	
1351	265,6	0	0	0,1	
1352	265,6	0	0	0,1	
1353	265,6	0	0	0,1	
1354	265,6	0	0	0,1	
1355	265,6	0	0	0,1	
1356	265,6	0	0	0,1	
1357	265,6	0	0	0,1	
1358	265,6	0	0	0,1	
1359	265,6	0	0	0,1	
1360	265,6	0	0	0,1	
1361	265,6	0	0	0,1	
1362	265,6	0	0	0,1	
1363	265,6	0	0	0,1	
1364	265,6	0	0	0,1	
1365	265,6	0	0	0,1	
1366	265,6	0	0	0,1	
1367	265,6	0	0	0,1	
1368	265,6	0	0	0,1	
1369	265,6	0	0	0,1	
1370	265,6	0	0	0,1	
1371	265,6	0	0	0,1	
1372	265,6	0	0	0,1	
1373	265,6	0	0	0,1	
1374	265,6	0	0	0,1	
1375	265,6	0	0	0,1	
1376	265,6	0	0	0,1	
1377	265,6	0	0	0,1	
1378	265,6	0	0	0,1	
1379	265,6	0	0	0,1	
1380	265,6	0	0	0,1	
1381	265,6	0	0	0,1	
1382	265,6	0	0	0,1	
1383	265,6	0	0	0,1	
1384	265,6	0	0	0,1	
1385	265,6	0	0	0,1	
1386	265,6	0	0	0,1	
1387	265,6	0	0	0,1	
1388	265,6	0	0	0,1	
1389	265,6	0	0	0,1	
1390	265,6	0	0	0,1	
1391	265,6	0	0	0,1	
1392	265,6	0	0	0,1	
1393	265,6	0	0	0,1	
1394	265,6	0	0	0,1	
1395	265,6	0	0	0,1	
1396	265,6	0	0	0,1	
1397	265,6	0	0	0,1	
1398	265,6	0	0	0,1	
1399	265,6	0	0	0,1	
1400	265,6	0	0	0,1	
1401	265,6	0	0	0,1	
1402	265,6	0	0	0,1	
1403	265,6	0	0	0,1	
1404	265,6	0	0	0,1	
1405	265,6	0	0	0,1	
1406	265,6	0	0	0,1	
1407	265,6	0	0	0,1	
1408	265,6	0	0	0,1	
1409	265,6	0	0	0,1	
1410	265,6	0	0	0,1	
1411	265,6	0	0	0,1	
1412	265,6	0	0	0,1	
1413	265,6	0	0	0,1	
1414	265,6	0	0	0,1	
1415	265,6	0	0	0,1	
1416	265,6	0	0	0,1	
1417	265,6	0	0	0,1	
1418	265,6	0	0	0,1	
1419	265,6	0	0	0,1	
1420	265,6	0	0	0,1	
1421	265,6	0	0	0,1	
1422	265,6	0	0	0,1	
1423	265,6	0	0	0,1	
1424	265,6	0	0	0,1	
1425	265,6	0	0	0,1	
1426	265,6	0	0	0,1	
1427	265,6	0	0	0,1	
1428	265,6	0	0	0,1	
1429	265,6	0	0	0,1	
1430	265,6	0	0	0,1	
1431	265,6	0	0	0,1	
1432	265,6	0	0	0,1	
1433	265,6	0	0	0,1	
1434	265,6	0	0	0,1	
1435	265,6	0	0	0,1	
1436	265,6	0	0	0,1	
1437	265,6	0	0	0,1	
1438	265,6	0	0	0,1	
1439	265,6	0	0	0,1	
1440	265,6	0	0	0,1	
1441	265,6	0	0	0,1	
1442	265,6	0	0	0,1	
1443	265,6	0	0	0,1	
1444	265,6	0	0	0,1	
1445	265,6	0	0	0,1	
1446	265,6	0	0	0,1	
1447	265,6	0	0	0,1	
1448	265,6	0	0	0,1	
1449	265,6	0	0	0,1	
1450	265,6	0	0	0,1	
1451	265,6	0	0	0,1	
1452	265,6	0	0	0,1	
1453	265,6	0	0	0,1	
1454	265,6	0	0	0,1	
1455	265,6	0	0	0,1	
1456	265,6	0	0	0,1	
1457	265,6	0	0	0,1	
1458	265,6	0	0	0,1	
1459	265,6	0	0	0,1	
1460	265,6	0	0	0,1	
1461	265,6	0	0	0,1	
1462	265,6	0	0	0,1	
1463	265,6	0	0	0,1	
1464	265,6	0	0	0,1	
1465	265,6	0	0	0,1	
1466	265,6	0	0	0,1	
1467	265,6	0	0	0,1	
1468	265,6	0	0	0,1	
1469	265,6	0	0	0,1	
1470	265,6	0	0	0,1	
1471	265,6	0	0	0,1	
1472	265,6	0	0	0,1	
1473	265,6	0	0	0,1	
1474	265,6	0	0	0,1	
1475	265,6	0	0	0,1	
1476	265,6	0	0	0,1	
1477	265,6	0	0	0,1	
1478	265,6	0	0	0,1	
1479	265,6	0	0	0,1	
1480	265,6	0	0	0,1	
1481	265,6	0	0	0,1	
1482	265,6	0	0	0,1	
1483	265,6	0	0	0,1	
1484	265,6	0	0	0,1	
1485	265,6	0	0	0,1	
1486	265,6	0	0	0,1	
1487	265,6	0	0	0,1	
1488	265,6	0	0	0,1	
1489	265,6	0	0	0,1	
1490	265,6	0	0	0,1	
1491	265,6	0	0	0,1	
1492	265,6	0	0	0,1	
1493	265,6	0	0	0,1	
1494	265,6	0	0	0,1	
1495	265,6	0	0	0,1	
1496	265,6	0	0	0,1	
1497	265,6	0	0	0,1	
1498	265,6	0	0	0,1	
1499	265,6	0	0	0,1	
1500	265,6	0	0	0,1	
1501	265,6	0	0	0,1	
1502	265,6	0	0	0,1	
1503	265,6	0	0	0,1	
1504	265,6	0	0	0,1	
1505	265,6	0	0	0,1	
1506	265,6	0	0	0,1	
1507	265,6	0	0	0,1	
1508	265,6	0	0	0,1	
1509	265,6	0	0	0,1	
1510	265,6	0	0	0,1	
1511	265,6	0	0	0,1	
1512	265,6	0	0	0,1	
1513	265,6	0	0	0,1	
1514	265,6	0	0	0,1	
1515	265,6	0	0	0,1	
1516	265,6	0	0	0,1	
1517	265,6	0	0	0,1	
1518	265,6	0	0	0,1	
1519	265,6	0	0	0,1	
1520	265,6	0	0	0,1	
1521	265,6	0	0	0,1	
1522	265,6	0	0	0,1	
1523	265,6	0	0	0,1	
1524	265,6	0	0	0,1	
1525	265,6	0	0	0,1	
1526	265,6	0	0	0,1	
1527	265,6	0	0	0,1	
1528	265,6	0	0	0,1	
1529	265,6	0	0	0,1	
1530	265,6	0	0	0,1	
1531	265,6	0	0	0,1	
1532	265,6	0	0	0,1	
1533	265,6	0	0	0,1	
1534	265,6	0	0	0,1	
1535	265,6	0	0	0,1	
1536	265,6	0	0	0,1	
1537	265,6	0	0	0,1	
1538	265,6	0	0	0,1	
1539	265,6	0	0	0,1	
1540	265,6	0	0	0,1	
1541	265,6	0	0	0,1	
1542	265,6	0	0	0,1	
1543	265,6	0	0	0,1	
1544	265,6	0	0	0,1	
1545	265,6	0	0	0,1	
1546	265,6	0	0	0,1	
1547	265,6	0	0	0,1	
1548	265,6	0	0	0,1	
1549	265,6	0	0	0,1	
1550	265,6	0	0	0,1	
1551	265,6	0	0	0,1	
1552	265,6	0	0	0,1	
1553	265,6	0	0	0,1	
1554	265,6	0	0	0,1	
1555	265,6	0	0	0,1	
1556	265,6	0	0	0,1	
1557	265,6	0	0	0,1	
1558	265,6	0	0	0,1	
1559	265,6	0	0	0,1	
1560	265,6	0	0	0,1	
1561	265,6	0	0	0,1	
1562	265,6	0	0	0,1	
1563	265,6	0	0	0,1	
1564	265,6	0	0	0,1	
1565	265,6	0	0	0,1	
1566	265,6	0	0	0,1	
1567	265,6	0	0	0,1	
1568	265,6	0	0	0,1	
1569	265,6	0	0	0,1	
1570	265,6	0	0	0,1	
1571	265,6	0	0	0,1	
1572	265,6	0	0	0,1	
1573	265,6	0	0	0,1	
1574	265,6	0	0	0,1	
1575	265,6	0	0	0,1	
1576	265,6	0	0	0,1	
1577	265,6	0	0	0,1	
1578	265,6	0	0	0,1	
1579	265,6	0	0	0,1	
1580	265,6	0	0	0,1	
1581	265,6	0	0	0,1	
1582	265,6	0	0	0,1	
1583	265,6	0	0	0,1	
1584	265,6	0	0	0,1	
1585	265,6	0	0	0,1	
1586	265,6	0	0	0,1	
1587	265,6	0	0	0,1	
1588	265,6	0	0	0,1	
1589	265,6	0	0	0,1	
1590	265,6	0	0	0,1	
1591	265,6	0	0	0,1	
1592	265,6	0	0	0,1	
1593	265,6	0	0	0,1	
1594	265,6	0	0	0,1	
1595	265,6	0	0	0,1	
1596	265,6	0	0	0,1	
1597	265,6	0	0	0,1	
1598	265,6	0	0	0,1	
1599	265,6	0	0	0,1	
1600	265,6	0	0	0,1	
1601	265,6	0	0	0,1	
1602	265,6	0	0	0,1	
1603	265,6	0	0	0,1	
1604	265,6	0	0	0,1	
1605	265,6	0	0	0,1	
1606	265,6	0	0	0,1	
1607	265,6	0	0	0,1	
1608	265,6	0	0	0,1	
1609	265,6	0	0	0,1	
1610	265,6	0	0	0,1	
1611	265,6	0	0	0,1	
1612	265,6	0	0	0,1	
1613	265,6	0	0	0,1	
1614	265,6	0	0	0,1	
1615	265,6	0	0	0,1	
1616	265,6	0	0	0,1	
1617	265,6	0	0	0,1	
1618	265,6	0	0	0,1	
1619	265,6	0	0	0,1	
1620	265,6	0	0	0,1	
1621	265,6	0	0	0,1	
1622	265,6	0	0	0,1	
1623	265,6	0	0	0,1	
1624	265,6	0	0	0,1	
1625	265,6	0	0	0,1	
1626	265,6	0	0	0,1	
1627	265,6	0	0	0,1	
1628	265,6	0	0	0,1	
1629	265,6	0	0	0,1	
1630	265,6	0	0	0,1	
