1,,178.1,0,0,0.1,0.1,0.1
2,,178.1,0,0,0.1,0.1,0.1
3,,178.1,0,0,0.1,0.1,0.1
4,,178.1,0,0,0.1,0.1,0.1
5,,178.1,0,0,0.1,0.1,0.1
6,,178.1,0,0,0.1,0.1,0.1
7,,178.1,0,0,0.1,0.1,0.1
8,,178.1,0,0,0.1,0.1,0.1
9,,178.1,0,0,0.1,0.1,0.1
10,,178.1,0,0,0.1,0.1,0.1
11,,178.1,0,0,0.1,0.1,0.1
12,,178.1,0,0,0.1,0.1,0.1
13,,178.1,0,0,0.1,0.1,0.1
14,,178.1,0,0,0.1,0.1,0.1
15,,178.1,0,0,0.1,0.1,0.1
16,,178.1,0,0,0.1,0.1,0.1
17,,178.1,0,0,0.1,0.1,0.1
18,,178.1,0,0,0.1,0.1,0.1
19,,178.1,0,0,0.1,0.1,0.1
20,,178.1,0,0,0.1,0.1,0.1
21,,178.1,0,0,0.1,0.1,0.1
22,,178.1,0,0,0.1,0.1,0.1
23,,178.1,0,0,0.1,0.1,0.1
24,,178.1,0,0,0.1,0.1,0.1
25,,178.1,0,0,0.1,0.1,0.1
26,,178.1,0,0,0.1,0.1,0.1
27,,178.1,0,0,0.1,0.1,0.1
28,,178.1,0,0,0.1,0.1,0.1
29,,178.1,0,0,0.1,0.1,0.1
30,,178.1,0,0,0.1,0.1,0.1
31,,178.1,0,0,0.1,0.1,0.1
32,,178.1,0,0,0.1,0.1,0.1
33,,178.1,0,0,0.1,0.1,0.1
34,,178.1,0,0,0.1,0.1,0.1
35,,178.1,0,0,0.1,0.1,0.1
36,,178.1,0,0,0.1,0.1,0.1
37,,178.1,0,0,0.1,0.1,0.1
38,,178.1,0,0,0.1,0.1,0.1
39,,178.1,0,0,0.1,0.1,0.1
40,,178.1,0,0,0.1,0.1,0.1
41,,178.1,0,0,0.1,0.1,0.1
42,,178.1,0,0,0.1,0.1,0.1
43,,178.1,0,0,0.1,0.1,0.1
44,,178.1,0,0,0.1,0.1,0.1
45,,178.1,0,0,0.1,0.1,0.1
46,,178.1,0,0,0.1,0.1,0.1
47,,178.1,0,0,0.1,0.1,0.1
48,,178.1,0,0,0.1,0.1,0.1
49,,178.1,0,0,0.1,0.1,0.1
50,,178.1,0,0,0.1,0.1,0.1
51,,178.1,0,0,0.1,0.1,0.1
52,,178.1,0,0,0.1,0.1,0.1
53,,178.1,0,0,0.1,0.1,0.1
54,,178.1,0,0,0.1,0.1,0.1
55,,178.1,0,0,0.1,0.1,0.1
56,,178.1,0,0,0.1,0.1,0.1
57,,178.1,0,0,0.1,0.1,0.1
58,,178.1,0,0,0.1,0.1,0.1
59,,178.1,0,0,0.1,0.1,0.1
60,,178.1,0,0,0.1,0.1,0.1
61,,178.1,0,0,0.1,0.1,0.1
62,,178.1,0,0,0.1,0.1,0.1
63,,178.1,0,0,0.1,0.1,0.1
64,,178.1,0,0,0.1,0.1,0.1
65,,178.1,0,0,0.1,0.1,0.1
66,,178.1,0,0,0.1,0.1,0.1
67,,178.1,0,0,0.1,0.1,0.1
68,,178.1,0,0,0.1,0.1,0.1
69,,178.1,0,0,0.1,0.1,0.1
70,,178.1,0,0,0.1,0.1,0.1
71,,178.1,0,0,0.1,0.1,0.1
72,,178.1,0,0,0.1,0.1,0.1
73,,178.1,0,0,0.1,0.1,0.1
74,,178.1,0,0,0.1,0.1,0.1
75,,178.1,0,0,0.1,0.1,0.1
76,,178.1,0,0,0.1,0.1,0.1
77,,178.1,0,0,0.1,0.1,0.1
78,,178.1,0,0,0.1,0.1,0.1
79,,178.1,0,0,0.1,0.1,0.1
80,,178.1,0,0,0.1,0.1,0.1
81,,178.1,0,0,0.1,0.1,0.1
82,,178.1,0,0,0.1,0.1,0.1
83,,178.1,0,0,0.1,0.1,0.1
84,,178.1,0,0,0.1,0.1,0.1
85,,178.1,0,0,0.1,0.1,0.1
86,,178.1,0,0,0.1,0.1,0.1
87,,178.1,0,0,0.1,0.1,0.1
88,,178.1,0,0,0.1,0.1,0.1
89,,178.1,0,0,0.1,0.1,0.1
90,,178.1,0,0,0.1,0.1,0.1
91,,178.1,0,0,0.1,0.1,0.1
92,,178.1,0,0,0.1,0.1,0.1
93,,178.1,0,0,0.1,0.1,0.1
94,,178.1,0,0,0.1,0.1,0.1
95,,178.1,0,0,0.1,0.1,0.1
96,,178.1,0,0,0.1,0.1,0.1
97,,178.1,0,0,0.1,0.1,0.1
98,,178.1,0,0,0.1,0.1,0.1
99,,178.1,0,0,0.1,0.1,0.1
100,,178.1,0,0,0.1,0.1,0.1
101,,178.1,0,0,0.1,0.1,0.1
102,,178.1,0,0,0.1,0.1,0.1
103,,178.1,0,0,0.1,0.1,0.1
104,,178.1,0,0,0.1,0.1,0.1
105,,178.1,0,0,0.1,0.1,0.1
106,,178.1,0,0,0.1,0.1,0.1
107,,178.1,0,0,0.1,0.1,0.1
108,,178.1,0,0,0.1,0.1,0.1
109,,178.1,0,0,0.1,0.1,0.1
110,,178.1,0,0,0.1,0.1,0.1
111,,178.1,0,0,0.1,0.1,0.1
112,,178.1,0,0,0.1,0.1,0.1
113,,178.1,0,0,0.1,0.1,0.1
114,,178.1,0,0,0.1,0.1,0.1
115,,178.1,0,0,0.1,0.1,0.1
116,,178.1,0,0,0.1,0.1,0.1
117,,178.1,0,0,0.1,0.1,0.1
118,,178.1,0,0,0.1,0.1,0.1
119,,178.1,0,0,0.1,0.1,0.1
120,,178.1,0,0,0.1,0.1,0.1
121,,178.1,0,0,0.1,0.1,0.1
122,,178.1,0,0,0.1,0.1,0.1
123,,178.1,0,0,0.1,0.1,0.1
124,,178.1,0,0,0.1,0.1,0.1
125,,178.1,0,0,0.1,0.1,0.1
126,,178.1,0,0,0.1,0.1,0.1
127,,178.1,0,0,0.1,0.1,0.1
128,,178.1,0,0,0.1,0.1,0.1
129,,178.1,0,0,0.1,0.1,0.1
130,,178.1,0,0,0.1,0.1,0.1
131,,178.1,0,0,0.1,0.1,0.1
132,,178.1,0,0,0.1,0.1,0.1
133,,178.1,0,0,0.1,0.1,0.1
134,,178.1,0,0,0.1,0.1,0.1
135,,178.1,0,0,0.1,0.1,0.1
136,,178.1,0,0,0.1,0.1,0.1
137,,178.1,0,0,0.1,0.1,0.1
138,,178.1,0,0,0.1,0.1,0.1
139,,178.1,0,0,0.1,0.1,0.1
140,,178.1,0,0,0.1,0.1,0.1
141,,178.1,0,0,0.1,0.1,0.1
142,,178.1,0,0,0.1,0.1,0.1
143,,178.1,0,0,0.1,0.1,0.1
144,,178.1,0,0,0.1,0.1,0.1
145,,178.1,0,0,0.1,0.1,0.1
146,,178.1,0,0,0.1,0.1,0.1
147,,178.1,0,0,0.1,0.1,0.1
148,,178.1,0,0,0.1,0.1,0.1
149,,178.1,0,0,0.1,0.1,0.1
150,,178.1,0,0,0.1,0.1,0.1
151,,178.1,0,0,0.1,0.1,0.1
152,,178.1,0,0,0.1,0.1,0.1
153,,178.1,0,0,0.1,0.1,0.1
154,,178.1,0,0,0.1,0.1,0.1
155,,178.1,0,0,0.1,0.1,0.1
156,,178.1,0,0,0.1,0.1,0.1
157,,178.1,0,0,0.1,0.1,0.1
158,,178.1,0,0,0.1,0.1,0.1
159,,178.1,0,0,0.1,0.1,0.1
160,,178.1,0,0,0.1,0.1,0.1
161,,178.1,0,0,0.1,0.1,0.1
162,,178.1,0,0,0.1,0.1,0.1
163,,178.1,0,0,0.1,0.1,0.1
164,,178.1,0,0,0.1,0.1,0.1
165,,178.1,0,0,0.1,0.1,0.1
166,,178.1,0,0,0.1,0.1,0.1
167,,178.1,0,0,0.1,0.1,0.1
168,,178.1,0,0,0.1,0.1,0.1
169,,178.1,0,0,0.1,0.1,0.1
170,,178.1,0,0,0.1,0.1,0.1
171,,178.1,0,0,0.1,0.1,0.1
172,,178.1,0,0,0.1,0.1,0.1
173,,178.1,0,0,0.1,0.1,0.1
174,,178.1,0,0,0.1,0.1,0.1
175,,178.1,0,0,0.1,0.1,0.1
176,,178.1,0,0,0.1,0.1,0.1
177,,178.1,0,0,0.1,0.1,0.1
178,,178.1,0,0,0.1,0.1,0.1
179,,178.1,0,0,0.1,0.1,0.1
180,,178.1,0,0,0.1,0.1,0.1
181,,178.1,0,0,0.1,0.1,0.1
182,,178.1,0,0,0.1,0.1,0.1
183,,178.1,0,0,0.1,0.1,0.1
184,,178.1,0,0,0.1,0.1,0.1
185,,178.1,0,0,0.1,0.1,0.1
186,,178.1,0,0,0.1,0.1,0.1
187,,178.1,0,0,0.1,0.1,0.1
188,,178.1,0,0,0.1,0.1,0.1
189,,178.1,0,0,0.1,0.1,0.1
190,,178.1,0,0,0.1,0.1,0.1
191,,178.1,0,0,0.1,0.1,0.1
192,,178.1,0,0,0.1,0.1,0.1
193,,178.1,0,0,0.1,0.1,0.1
194,,178.1,0,0,0.1,0.1,0.1
195,,178.1,0,0,0.1,0.1,0.1
196,,178.1,0,0,0.1,0.1,0.1
197,,178.1,0,0,0.1,0.1,0.1
198,,178.1,0,0,0.1,0.1,0.1
199,,178.1,0,0,0.1,0.1,0.1
200,,178.1,0,0,0.1,0.1,0.1
201,,178.1,0,0,0.1,0.1,0.1
202,,178.1,0,0,0.1,0.1,0.1
203,,178.1,0,0,0.1,0.1,0.1
204,,178.1,0,0,0.1,0.1,0.1
205,,178.1,0,0,0.1,0.1,0.1
206,,178.1,0,0,0.1,0.1,0.1
207,,178.1,0,0,0.1,0.1,0.1
208,,178.1,0,0,0.1,0.1,0.1
209,,178.1,0,0,0.1,0.1,0.1
210,,178.1,0,0,0.1,0.1,0.1
211,,178.1,0,0,0.1,0.1,0.1
212,,178.1,0,0,0.1,0.1,0.1
213,,178.1,0,0,0.1,0.1,0.1
214,,178.1,0,0,0.1,0.1,0.1
215,,178.1,0,0,0.1,0.1,0.1
216,,178.1,0,0,0.1,0.1,0.1
217,,178.1,0,0,0.1,0.1,0.1
218,,178.1,0,0,0.1,0.1,0.1
219,,178.1,0,0,0.1,0.1,0.1
220,,178.1,0,0,0.1,0.1,0.1
221,,178.1,0,0,0.1,0.1,0.1
222,,178.1,0,0,0.1,0.1,0.1
223,,178.1,0,0,0.1,0.1,0.1
224,,178.1,0,0,0.1,0.1,0.1
225,,178.1,0,0,0.1,0.1,0.1
226,,178.1,0,0,0.1,0.1,0.1
227,,178.1,0,0,0.1,0.1,0.1
228,,178.1,0,0,0.1,0.1,0.1
229,,178.1,0,0,0.1,0.1,0.1
230,,178.1,0,0,0.1,0.1,0.1
231,,178.1,0,0,0.1,0.1,0.1
232,,178.1,0,0,0.1,0.1,0.1
233,,178.1,0,0,0.1,0.1,0.1
234,,178.1,0,0,0.1,0.1,0.1
235,,178.1,0,0,0.1,0.1,0.1
236,,178.1,0,0,0.1,0.1,0.1
237,,178.1,0,0,0.1,0.1,0.1
238,,178.1,0,0,0.1,0.1,0.1
239,,178.1,0,0,0.1,0.1,0.1
240,,178.1,0,0,0.1,0.1,0.1
241,,178.1,0,0,0.1,0.1,0.1
242,,178.1,0,0,0.1,0.1,0.1
243,,178.1,0,0,0.1,0.1,0.1
244,,178.1,0,0,0.1,0.1,0.1
245,,178.1,0,0,0.1,0.1,0.1
246,,178.1,0,0,0.1,0.1,0.1
247,,178.1,0,0,0.1,0.1,0.1
248,,178.1,0,0,0.1,0.1,0.1
249,,178.1,0,0,0.1,0.1,0.1
250,,178.1,0,0,0.1,0.1,0.1
251,,178.1,0,0,0.1,0.1,0.1
252,,178.1,0,0,0.1,0.1,0.1
253,,178.1,0,0,0.1,0.1,0.1
254,,178.1,0,0,0.1,0.1,0.1
255,,178.1,0,0,0.1,0.1,0.1
256,,178.1,0,0,0.1,0.1,0.1
257,,178.1,0,0,0.1,0.1,0.1
258,,178.1,0,0,0.1,0.1,0.1
259,,178.1,0,0,0.1,0.1,0.1
260,,178.1,0,0,0.1,0.1,0.1
261,,178.1,0,0,0.1,0.1,0.1
262,,178.1,0,0,0.1,0.1,0.1
263,,178.1,0,0,0.1,0.1,0.1
264,,178.1,0,0,0.1,0.1,0.1
265,,178.1,0,0,0.1,0.1,0.1
266,,178.1,0,0,0.1,0.1,0.1
267,,178.1,0,0,0.1,0.1,0.1
268,,178.1,0,0,0.1,0.1,0.1
269,,178.1,0,0,0.1,0.1,0.1
270,,178.1,0,0,0.1,0.1,0.1
271,,178.1,0,0,0.1,0.1,0.1
272,,178.1,0,0,0.1,0.1,0.1
273,,178.1,0,0,0.1,0.1,0.1
274,,178.1,0,0,0.1,0.1,0.1
275,,178.1,0,0,0.1,0.1,0.1
276,,178.1,0,0,0.1,0.1,0.1
277,,178.1,0,0,0.1,0.1,0.1
278,,178.1,0,0,0.1,0.1,0.1
279,,178.1,0,0,0.1,0.1,0.1
280,,178.1,0,0,0.1,0.1,0.1
281,,178.1,0,0,0.1,0.1,0.1
282,,178.1,0,0,0.1,0.1,0.1
283,,178.1,0,0,0.1,0.1,0.1
284,,178.1,0,0,0.1,0.1,0.1
285,,178.1,0,0,0.1,0.1,0.1
286,,178.1,0,0,0.1,0.1,0.1
287,,178.1,0,0,0.1,0.1,0.1
288,,178.1,0,0,0.1,0.1,0.1
289,,178.1,0,0,0.1,0.1,0.1
290,,178.1,0,0,0.1,0.1,0.1
291,,178.1,0,0,0.1,0.1,0.1
292,,178.1,0,0,0.1,0.1,0.1
293,,178.1,0,0,0.1,0.1,0.1
294,,178.1,0,0,0.1,0.1,0.1
295,,178.1,0,0,0.1,0.1,0.1
296,,178.1,0,0,0.1,0.1,0.1
297,,178.1,0,0,0.1,0.1,0.1
298,,178.1,0,0,0.1,0.1,0.1
299,,178.1,0,0,0.1,0.1,0.1
300,,178.1,0,0,0.1,0.1,0.1
301,,178.1,0,0,0.1,0.1,0.1
302,,178.1,0,0,0.1,0.1,0.1
303,,178.1,0,0,0.1,0.1,0.1
304,,178.1,0,0,0.1,0.1,0.1
305,,178.1,0,0,0.1,0.1,0.1
306,,178.1,0,0,0.1,0.1,0.1
307,,178.1,0,0,0.1,0.1,0.1
308,,178.1,0,0,0.1,0.1,0.1
309,,178.1,0,0,0.1,0.1,0.1
310,,178.1,0,0,0.1,0.1,0.1
311,,178.1,0,0,0.1,0.1,0.1
312,,178.1,0,0,0.1,0.1,0.1
313,,178.1,0,0,0.1,0.1,0.1
314,,178.1,0,0,0.1,0.1,0.1
315,,178.1,0,0,0.1,0.1,0.1
316,,178.1,0,0,0.1,0.1,0.1
317,,178.1,0,0,0.1,0.1,0.1
318,,178.1,0,0,0.1,0.1,0.1
319,,178.1,0,0,0.1,0.1,0.1
320,,178.1,0,0,0.1,0.1,0.1
321,,178.1,0,0,0.1,0.1,0.1
322,,178.1,0,0,0.1,0.1,0.1
323,,178.1,0,0,0.1,0.1,0.1
324,,178.1,0,0,0.1,0.1,0.1
325,,178.1,0,0,0.1,0.1,0.1
326,,178.1,0,0,0.1,0.1,0.1
327,,178.1,0,0,0.1,0.1,0.1
328,,178.1,0,0,0.1,0.1,0.1
329,,178.1,0,0,0.1,0.1,0.1
330,,178.1,0,0,0.1,0.1,0.1
331,,178.1,0,0,0.1,0.1,0.1
332,,178.1,0,0,0.1,0.1,0.1
333,,178.1,0,0,0.1,0.1,0.1
334,,178.1,0,0,0.1,0.1,0.1
335,,178.1,0,0,0.1,0.1,0.1
336,,178.1,0,0,0.1,0.1,0.1
337,,178.1,0,0,0.1,0.1,0.1
338,,178.1,0,0,0.1,0.1,0.1
339,,178.1,0,0,0.1,0.1,0.1
340,,178.1,0,0,0.1,0.1,0.1
341,,178.1,0,0,0.1,0.1,0.1
342,,178.1,0,0,0.1,0.1,0.1
343,,178.1,0,0,0.1,0.1,0.1
344,,178.1,0,0,0.1,0.1,0.1
345,,178.1,0,0,0.1,0.1,0.1
346,,178.1,0,0,0.1,0.1,0.1
347,,178.1,0,0,0.1,0.1,0.1
348,,178.1,0,0,0.1,0.1,0.1
349,,178.1,0,0,0.1,0.1,0.1
350,,178.1,0,0,0.1,0.1,0.1
351,,178.1,0,0,0.1,0.1,0.1
352,,178.1,0,0,0.1,0.1,0.1
353,,178.1,0,0,0.1,0.1,0.1
354,,178.1,0,0,0.1,0.1,0.1
355,,178.1,0,0,0.1,0.1,0.1
356,,178.1,0,0,0.1,0.1,0.1
357,,178.1,0,0,0.1,0.1,0.1
358,,178.1,0,0,0.1,0.1,0.1
359,,178.1,0,0,0.1,0.1,0.1
360,,178.1,0,0,0.1,0.1,0.1
361,,178.1,0,0,0.1,0.1,0.1
362,,178.1,0,0,0.1,0.1,0.1
363,,178.1,0,0,0.1,0.1,0.1
364,,178.1,0,0,0.1,0.1,0.1
365,,178.1,0,0,0.1,0.1,0.1
366,,178.1,0,0,0.1,0.1,0.1
367,,178.1,0,0,0.1,0.1,0.1
368,,178.1,0,0,0.1,0.1,0.1
369,,178.1,0,0,0.1,0.1,0.1
370,,178.1,0,0,0.1,0.1,0.1
371,,178.1,0,0,0.1,0.1,0.1
372,,178.1,0,0,0.1,0.1,0.1
373,,178.1,0,0,0.1,0.1,0.1
374,,178.1,0,0,0.1,0.1,0.1
375,,178.1,0,0,0.1,0.1,0.1
376,,178.1,0,0,0.1,0.1,0.1
377,,178.1,0,0,0.1,0.1,0.1
378,,178.1,0,0,0.1,0.1,0.1
379,,178.1,0,0,0.1,0.1,0.1
380,,178.1,0,0,0.1,0.1,0.1
381,,178.1,0,0,0.1,0.1,0.1
382,,178.1,0,0,0.1,0.1,0.1
383,,178.1,0,0,0.1,0.1,0.1
384,,178.1,0,0,0.1,0.1,0.1
385,,178.1,0,0,0.1,0.1,0.1
386,,178.1,0,0,0.1,0.1,0.1
387,,178.1,0,0,0.1,0.1,0.1
388,,178.1,0,0,0.1,0.1,0.1
389,,178.1,0,0,0.1,0.1,0.1
390,,178.1,0,0,0.1,0.1,0.1
391,,178.1,0,0,0.1,0.1,0.1
392,,178.1,0,0,0.1,0.1,0.1
393,,178.1,0,0,0.1,0.1,0.1
394,,178.1,0,0,0.1,0.1,0.1
395,,178.1,0,0,0.1,0.1,0.1
396,,178.1,0,0,0.1,0.1,0.1
397,,178.1,0,0,0.1,0.1,0.1
398,,178.1,0,0,0.1,0.1,0.1
399,,178.1,0,0,0.1,0.1,0.1
400,,178.1,0,0,0.1,0.1,0.1
401,,178.1,0,0,0.1,0.1,0.1
402,,178.1,0,0,0.1,0.1,0.1
403,,178.1,0,0,0.1,0.1,0.1
404,,178.1,0,0,0.1,0.1,0.1
405,,178.1,0,0,0.1,0.1,0.1
406,,178.1,0,0,0.1,0.1,0.1
407,,178.1,0,0,0.1,0.1,0.1
408,,178.1,0,0,0.1,0.1,0.1
409,,178.1,0,0,0.1,0.1,0.1
410,,178.1,0,0,0.1,0.1,0.1
411,,178.1,0,0,0.1,0.1,0.1
412,,178.1,0,0,0.1,0.1,0.1
413,,178.1,0,0,0.1,0.1,0.1
414,,178.1,0,0,0.1,0.1,0.1
415,,178.1,0,0,0.1,0.1,0.1
416,,178.1,0,0,0.1,0.1,0.1
417,,178.1,0,0,0.1,0.1,0.1
418,,178.1,0,0,0.1,0.1,0.1
419,,178.1,0,0,0.1,0.1,0.1
420,,178.1,0,0,0.1,0.1,0.1
421,,178.1,0,0,0.1,0.1,0.1
422,,178.1,0,0,0.1,0.1,0.1
423,,178.1,0,0,0.1,0.1,0.1
424,,178.1,0,0,0.1,0.1,0.1
425,,178.1,0,0,0.1,0.1,0.1
426,,178.1,0,0,0.1,0.1,0.1
427,,178.1,0,0,0.1,0.1,0.1
428,,178.1,0,0,0.1,0.1,0.1
429,,178.1,0,0,0.1,0.1,0.1
430,,178.1,0,0,0.1,0.1,0.1
431,,178.1,0,0,0.1,0.1,0.1
432,,178.1,0,0,0.1,0.1,0.1
433,,178.1,0,0,0.1,0.1,0.1
434,,178.1,0,0,0.1,0.1,0.1
435,,178.1,0,0,0.1,0.1,0.1
436,,178.1,0,0,0.1,0.1,0.1
437,,178.1,0,0,0.1,0.1,0.1
438,,178.1,0,0,0.1,0.1,0.1
439,,178.1,0,0,0.1,0.1,0.1
440,,178.1,0,0,0.1,0.1,0.1
441,,178.1,0,0,0.1,0.1,0.1
442,,178.1,0,0,0.1,0.1,0.1
443,,178.1,0,0,0.1,0.1,0.1
444,,178.1,0,0,0.1,0.1,0.1
445,,178.1,0,0,0.1,0.1,0.1
446,,178.1,0,0,0.1,0.1,0.1
447,,178.1,0,0,0.1,0.1,0.1
448,,178.1,0,0,0.1,0.1,0.1
449,,178.1,0,0,0.1,0.1,0.1
450,,178.1,0,0,0.1,0.1,0.1
451,,178.1,0,0,0.1,0.1,0.1
452,,178.1,0,0,0.1,0.1,0.1
453,,178.1,0,0,0.1,0.1,0.1
454,,178.1,0,0,0.1,0.1,0.1
455,,178.1,0,0,0.1,0.1,0.1
456,,178.1,0,0,0.1,0.1,0.1
457,,178.1,0,0,0.1,0.1,0.1
458,,178.1,0,0,0.1,0.1,0.1
459,,178.1,0,0,0.1,0.1,0.1
460,,178.1,0,0,0.1,0.1,0.1
461,,178.1,0,0,0.1,0.1,0.1
462,,178.1,0,0,0.1,0.1,0.1
463,,178.1,0,0,0.1,0.1,0.1
464,,178.1,0,0,0.1,0.1,0.1
465,,178.1,0,0,0.1,0.1,0.1
466,,178.1,0,0,0.1,0.1,0.1
467,,178.1,0,0,0.1,0.1,0.1
468,,178.1,0,0,0.1,0.1,0.1
469,,178.1,0,0,0.1,0.1,0.1
470,,178.1,0,0,0.1,0.1,0.1
471,,178.1,0,0,0.1,0.1,0.1
472,,178.1,0,0,0.1,0.1,0.1
473,,178.1,0,0,0.1,0.1,0.1
474,,178.1,0,0,0.1,0.1,0.1
475,,178.1,0,0,0.1,0.1,0.1
476,,178.1,0,0,0.1,0.1,0.1
477,,178.1,0,0,0.1,0.1,0.1
478,,178.1,0,0,0.1,0.1,0.1
479,,178.1,0,0,0.1,0.1,0.1
480,,178.1,0,0,0.1,0.1,0.1
481,,178.1,0,0,0.1,0.1,0.1
482,,178.1,0,0,0.1,0.1,0.1
483,,178.1,0,0,0.1,0.1,0.1
484,,178.1,0,0,0.1,0.1,0.1
485,,178.1,0,0,0.1,0.1,0.1
486,,178.1,0,0,0.1,0.1,0.1
487,,178.1,0,0,0.1,0.1,0.1
488,,178.1,0,0,0.1,0.1,0.1
489,,178.1,0,0,0.1,0.1,0.1
490,,178.1,0,0,0.1,0.1,0.1
491,,178.1,0,0,0.1,0.1,0.1
492,,178.1,0,0,0.1,0.1,0.1
493,,178.1,0,0,0.1,0.1,0.1
494,,178.1,0,0,0.1,0.1,0.1
495,,178.1,0,0,0.1,0.1,0.1
496,,178.1,0,0,0.1,0.1,0.1
497,,178.1,0,0,0.1,0.1,0.1
498,,178.1,0,0,0.1,0.1,0.1
499,,178.1,0,0,0.1,0.1,0.1
500,,178.1,0,0,0.1,0.1,0.1
501,,178.1,0,0,0.1,0.1,0.1
502,,178.1,0,0,0.1,0.1,0.1
503,,178.1,0,0,0.1,0.1,0.1
504,,178.1,0,0,0.1,0.1,0.1
505,,178.1,0,0,0.1,0.1,0.1
506,,178.1,0,0,0.1,0.1,0.1
507,,178.1,0,0,0.1,0.1,0.1
508,,178.1,0,0,0.1,0.1,0.1
509,,178.1,0,0,0.1,0.1,0.1
510,,178.1,0,0,0.1,0.1,0.1
511,,178.1,0,0,0.1,0.1,0.1
512,,178.1,0,0,0.1,0.1,0.1
513,,178.1,0,0,0.1,0.1,0.1
514,,178.1,0,0,0.1,0.1,0.1
515,,178.1,0,0,0.1,0.1,0.1
516,,178.1,0,0,0.1,0.1,0.1
517,,178.1,0,0,0.1,0.1,0.1
518,,178.1,0,0,0.1,0.1,0.1
519,,178.1,0,0,0.1,0.1,0.1
520,,178.1,0,0,0.1,0.1,0.1
521,,178.1,0,0,0.1,0.1,0.1
522,,178.1,0,0,0.1,0.1,0.1
523,,178.1,0,0,0.1,0.1,0.1
524,,178.1,0,0,0.1,0.1,0.1
525,,178.1,0,0,0.1,0.1,0.1
526,,178.1,0,0,0.1,0.1,0.1
527,,178.1,0,0,0.1,0.1,0.1
528,,178.1,0,0,0.1,0.1,0.1
529,,178.1,0,0,0.1,0.1,0.1
530,,178.1,0,0,0.1,0.1,0.1
531,,178.1,0,0,0.1,0.1,0.1
532,,178.1,0,0,0.1,0.1,0.1
533,,178.1,0,0,0.1,0.1,0.1
534,,178.1,0,0,0.1,0.1,0.1
535,,178.1,0,0,0.1,0.1,0.1
536,,178.1,0,0,0.1,0.1,0.1
537,,178.1,0,0,0.1,0.1,0.1
538,,178.1,0,0,0.1,0.1,0.1
539,,178.1,0,0,0.1,0.1,0.1
540,,178.1,0,0,0.1,0.1,0.1
541,,178.1,0,0,0.1,0.1,0.1
542,,178.1,0,0,0.1,0.1,0.1
543,,178.1,0,0,0.1,0.1,0.1
544,,178.1,0,0,0.1,0.1,0.1
545,,178.1,0,0,0.1,0.1,0.1
546,,178.1,0,0,0.1,0.1,0.1
547,,178.1,0,0,0.1,0.1,0.1
548,,178.1,0,0,0.1,0.1,0.1
549,,178.1,0,0,0.1,0.1,0.1
550,,178.1,0,0,0.1,0.1,0.1
551,,178.1,0,0,0.1,0.1,0.1
552,,178.1,0,0,0.1,0.1,0.1
553,,178.1,0,0,0.1,0.1,0.1
554,,178.1,0,0,0.1,0.1,0.1
555,,178.1,0,0,0.1,0.1,0.1
556,,178.1,0,0,0.1,0.1,0.1
557,,178.1,0,0,0.1,0.1,0.1
558,,178.1,0,0,0.1,0.1,0.1
559,,178.1,0,0,0.1,0.1,0.1
560,,178.1,0,0,0.1,0.1,0.1
561,,178.1,0,0,0.1,0.1,0.1
562,,178.1,0,0,0.1,0.1,0.1
563,,178.1,0,0,0.1,0.1,0.1
564,,178.1,0,0,0.1,0.1,0.1
565,,178.1,0,0,0.1,0.1,0.1
566,,178.1,0,0,0.1,0.1,0.1
567,,178.1,0,0,0.1,0.1,0.1
568,,178.1,0,0,0.1,0.1,0.1
569,,178.1,0,0,0.1,0.1,0.1
570,,178.1,0,0,0.1,0.1,0.1
571,,178.1,0,0,0.1,0.1,0.1
572,,178.1,0,0,0.1,0.1,0.1
573,,178.1,0,0,0.1,0.1,0.1
574,,178.1,0,0,0.1,0.1,0.1
575,,178.1,0,0,0.1,0.1,0.1
576,,178.1,0,0,0.1,0.1,0.1
577,,178.1,0,0,0.1,0.1,0.1
578,,178.1,0,0,0.1,0.1,0.1
579,,178.1,0,0,0.1,0.1,0.1
580,,178.1,0,0,0.1,0.1,0.1
581,,178.1,0,0,0.1,0.1,0.1
582,,178.1,0,0,0.1,0.1,0.1
583,,178.1,0,0,0.1,0.1,0.1
584,,178.1,0,0,0.1,0.1,0.1
585,,178.1,0,0,0.1,0.1,0.1
586,,178.1,0,0,0.1,0.1,0.1
587,,178.1,0,0,0.1,0.1,0.1
588,,178.1,0,0,0.1,0.1,0.1
589,,178.1,0,0,0.1,0.1,0.1
590,,178.1,0,0,0.1,0.1,0.1
591,,178.1,0,0,0.1,0.1,0.1
592,,178.1,0,0,0.1,0.1,0.1
593,,178.1,0,0,0.1,0.1,0.1
594,,178.1,0,0,0.1,0.1,0.1
595,,178.1,0,0,0.1,0.1,0.1
596,,178.1,0,0,0.1,0.1,0.1
597,,178.1,0,0,0.1,0.1,0.1
598,,178.1,0,0,0.1,0.1,0.1
599,,178.1,0,0,0.1,0.1,0.1
600,,178.1,0,0,0.1,0.1,0.1
601,,178.1,0,0,0.1,0.1,0.1
602,,178.1,0,0,0.1,0.1,0.1
603,,178.1,0,0,0.1,0.1,0.1
604,,178.1,0,0,0.1,0.1,0.1
605,,178.1,0,0,0.1,0.1,0.1
606,,178.1,0,0,0.1,0.1,0.1
607,,178.1,0,0,0.1,0.1,0.1
608,,178.1,0,0,0.1,0.1,0.1
609,,178.1,0,0,0.1,0.1,0.1
610,,178.1,0,0,0.1,0.1,0.1
611,,178.1,0,0,0.1,0.1,0.1
612,,178.1,0,0,0.1,0.1,0.1
613,,178.1,0,0,0.1,0.1,0.1
614,,178.1,0,0,0.1,0.1,0.1
615,,178.1,0,0,0.1,0.1,0.1
616,,178.1,0,0,0.1,0.1,0.1
617,,178.1,0,0,0.1,0.1,0.1
618,,178.1,0,0,0.1,0.1,0.1
619,,178.1,0,0,0.1,0.1,0.1
620,,178.1,0,0,0.1,0.1,0.1
621,,178.1,0,0,0.1,0.1,0.1
622,,178.1,0,0,0.1,0.1,0.1
623,,178.1,0,0,0.1,0.1,0.1
624,,178.1,0,0,0.1,0.1,0.1
625,,178.1,0,0,0.1,0.1,0.1
626,,178.1,0,0,0.1,0.1,0.1
627,,178.1,0,0,0.1,0.1,0.1
628,,178.1,0,0,0.1,0.1,0.1
629,,178.1,0,0,0.1,0.1,0.1
630,,178.1,0,0,0.1,0.1,0.1
631,,178.1,0,0,0.1,0.1,0.1
632,,178.1,0,0,0.1,0.1,0.1
633,,178.1,0,0,0.1,0.1,0.1
634,,178.1,0,0,0.1,0.1,0.1
635,,178.1,0,0,0.1,0.1,0.1
636,,178.1,0,0,0.1,0.1,0.1
637,,178.1,0,0,0.1,0.1,0.1
638,,178.1,0,0,0.1,0.1,0.1
639,,178.1,0,0,0.1,0.1,0.1
640,,178.1,0,0,0.1,0.1,0.1
641,,178.1,0,0,0.1,0.1,0.1
642,,178.1,0,0,0.1,0.1,0.1
643,,178.1,0,0,0.1,0.1,0.1
644,,178.1,0,0,0.1,0.1,0.1
645,,178.1,0,0,0.1,0.1,0.1
646,,178.1,0,0,0.1,0.1,0.1
647,,178.1,0,0,0.1,0.1,0.1
648,,178.1,0,0,0.1,0.1,0.1
649,,178.1,0,0,0.1,0.1,0.1
650,,178.1,0,0,0.1,0.1,0.1
651,,178.1,0,0,0.1,0.1,0.1
652,,178.1,0,0,0.1,0.1,0.1
653,,178.1,0,0,0.1,0.1,0.1
654,,178.1,0,0,0.1,0.1,0.1
655,,178.1,0,0,0.1,0.1,0.1
656,,178.1,0,0,0.1,0.1,0.1
657,,178.1,0,0,0.1,0.1,0.1
658,,178.1,0,0,0.1,0.1,0.1
659,,178.1,0,0,0.1,0.1,0.1
660,,178.1,0,0,0.1,0.1,0.1
661,,178.1,0,0,0.1,0.1,0.1
662,,178.1,0,0,0.1,0.1,0.1
663,,178.1,0,0,0.1,0.1,0.1
664,,178.1,0,0,0.1,0.1,0.1
665,,178.1,0,0,0.1,0.1,0.1
666,,178.1,0,0,0.1,0.1,0.1
667,,178.1,0,0,0.1,0.1,0.1
668,,178.1,0,0,0.1,0.1,0.1
669,,178.1,0,0,0.1,0.1,0.1
670,,178.1,0,0,0.1,0.1,0.1
671,,178.1,0,0,0.1,0.1,0.1
672,,178.1,0,0,0.1,0.1,0.1
673,,178.1,0,0,0.1,0.1,0.1
674,,178.1,0,0,0.1,0.1,0.1
675,,178.1,0,0,0.1,0.1,0.1
676,,178.1,0,0,0.1,0.1,0.1
677,,178.1,0,0,0.1,0.1,0.1
678,,178.1,0,0,0.1,0.1,0.1
679,,178.1,0,0,0.1,0.1,0.1
680,,178.1,0,0,0.1,0.1,0.1
681,,178.1,0,0,0.1,0.1,0.1
682,,178.1,0,0,0.1,0.1,0.1
683,,178.1,0,0,0.1,0.1,0.1
684,,178.1,0,0,0.1,0.1,0.1
685,,178.1,0,0,0.1,0.1,0.1
686,,178.1,0,0,0.1,0.1,0.1
687,,178.1,0,0,0.1,0.1,0.1
688,,178.1,0,0,0.1,0.1,0.1
689,,178.1,0,0,0.1,0.1,0.1
690,,178.1,0,0,0.1,0.1,0.1
691,,178.1,0,0,0.1,0.1,0.1
692,,178.1,0,0,0.1,0.1,0.1
693,,178.1,0,0,0.1,0.1,0.1
694,,178.1,0,0,0.1,0.1,0.1
695,,178.1,0,0,0.1,0.1,0.1
696,,178.1,0,0,0.1,0.1,0.1
697,,178.1,0,0,0.1,0.1,0.1
698,,178.1,0,0,0.1,0.1,0.1
699,,178.1,0,0,0.1,0.1,0.1
700,,178.1,0,0,0.1,0.1,0.1
701,,178.1,0,0,0.1,0.1,0.1
702,,178.1,0,0,0.1,0.1,0.1
703,,178.1,0,0,0.1,0.1,0.1
704,,178.1,0,0,0.1,0.1,0.1
705,,178.1,0,0,0.1,0.1,0.1
706,,178.1,0,0,0.1,0.1,0.1
707,,178.1,0,0,0.1,0.1,0.1
708,,178.1,0,0,0.1,0.1,0.1
709,,178.1,0,0,0.1,0.1,0.1
710,,178.1,0,0,0.1,0.1,0.1
711,,178.1,0,0,0.1,0.1,0.1
712,,178.1,0,0,0.1,0.1,0.1
713,,178.1,0,0,0.1,0.1,0.1
714,,178.1,0,0,0.1,0.1,0.1
715,,178.1,0,0,0.1,0.1,0.1
716,,178.1,0,0,0.1,0.1,0.1
717,,178.1,0,0,0.1,0.1,0.1
718,,178.1,0,0,0.1,0.1,0.1
719,,178.1,0,0,0.1,0.1,0.1
720,,178.1,0,0,0.1,0.1,0.1
721,,178.1,0,0,0.1,0.1,0.1
722,,178.1,0,0,0.1,0.1,0.1
723,,178.1,0,0,0.1,0.1,0.1
724,,178.1,0,0,0.1,0.1,0.1
725,,178.1,0,0,0.1,0.1,0.1
726,,178.1,0,0,0.1,0.1,0.1
727,,178.1,0,0,0.1,0.1,0.1
728,,178.1,0,0,0.1,0.1,0.1
729,,178.1,0,0,0.1,0.1,0.1
730,,178.1,0,0,0.1,0.1,0.1
731,,178.1,0,0,0.1,0.1,0.1
732,,178.1,0,0,0.1,0.1,0.1
733,,178.1,0,0,0.1,0.1,0.1
734,,178.1,0,0,0.1,0.1,0.1
735,,178.1,0,0,0.1,0.1,0.1
736,,178.1,0,0,0.1,0.1,0.1
737,,178.1,0,0,0.1,0.1,0.1
738,,178.1,0,0,0.1,0.1,0.1
739,,178.1,0,0,0.1,0.1,0.1
740,,178.1,0,0,0.1,0.1,0.1
741,,178.1,0,0,0.1,0.1,0.1
742,,178.1,0,0,0.1,0.1,0.1
743,,178.1,0,0,0.1,0.1,0.1
744,,178.1,0,0,0.1,0.1,0.1
745,,178.1,0,0,0.1,0.1,0.1
746,,178.1,0,0,0.1,0.1,0.1
747,,178.1,0,0,0.1,0.1,0.1
748,,178.1,0,0,0.1,0.1,0.1
749,,178.1,0,0,0.1,0.1,0.1
750,,178.1,0,0,0.1,0.1,0.1
751,,178.1,0,0,0.1,0.1,0.1
752,,178.1,0,0,0.1,0.1,0.1
753,,178.1,0,0,0.1,0.1,0.1
754,,178.1,0,0,0.1,0.1,0.1
755,,178.1,0,0,0.1,0.1,0.1
756,,178.1,0,0,0.1,0.1,0.1
757,,178.1,0,0,0.1,0.1,0.1
758,,178.1,0,0,0.1,0.1,0.1
759,,178.1,0,0,0.1,0.1,0.1
760,,178.1,0,0,0.1,0.1,0.1
761,,178.1,0,0,0.1,0.1,0.1
762,,178.1,0,0,0.1,0.1,0.1
763,,178.1,0,0,0.1,0.1,0.1
764,,178.1,0,0,0.1,0.1,0.1
765,,178.1,0,0,0.1,0.1,0.1
766,,178.1,0,0,0.1,0.1,0.1
767,,178.1,0,0,0.1,0.1,0.1
768,,178.1,0,0,0.1,0.1,0.1
769,,178.1,0,0,0.1,0.1,0.1
770,,178.1,0,0,0.1,0.1,0.1
771,,178.1,0,0,0.1,0.1,0.1
772,,178.1,0,0,0.1,0.1,0.1
773,,178.1,0,0,0.1,0.1,0.1
774,,178.1,0,0,0.1,0.1,0.1
775,,178.1,0,0,0.1,0.1,0.1
776,,178.1,0,0,0.1,0.1,0.1
777,,178.1,0,0,0.1,0.1,0.1
778,,178.1,0,0,0.1,0.1,0.1
779,,178.1,0,0,0.1,0.1,0.1
780,,178.1,0,0,0.1,0.1,0.1
781,,178.1,0,0,0.1,0.1,0.1
782,,178.1,0,0,0.1,0.1,0.1
783,,178.1,0,0,0.1,0.1,0.1
784,,178.1,0,0,0.1,0.1,0.1
785,,178.1,0,0,0.1,0.1,0.1
786,,178.1,0,0,0.1,0.1,0.1
787,,178.1,0,0,0.1,0.1,0.1
788,,178.1,0,0,0.1,0.1,0.1
789,,178.1,0,0,0.1,0.1,0.1
790,,178.1,0,0,0.1,0.1,0.1
791,,178.1,0,0,0.1,0.1,0.1
792,,178.1,0,0,0.1,0.1,0.1
793,,178.1,0,0,0.1,0.1,0.1
794,,178.1,0,0,0.1,0.1,0.1
795,,178.1,0,0,0.1,0.1,0.1
796,,178.1,0,0,0.1,0.1,0.1
797,,178.1,0,0,0.1,0.1,0.1
798,,178.1,0,0,0.1,0.1,0.1
799,,178.1,0,0,0.1,0.1,0.1
800,,178.1,0,0,0.1,0.1,0.1
801,,178.1,0,0,0.1,0.1,0.1
802,,178.1,0,0,0.1,0.1,0.1
803,,178.1,0,0,0.1,0.1,0.1
804,,178.1,0,0,0.1,0.1,0.1
805,,178.1,0,0,0.1,0.1,0.1
806,,178.1,0,0,0.1,0.1,0.1
807,,178.1,0,0,0.1,0.1,0.1
808,,178.1,0,0,0.1,0.1,0.1
809,,178.1,0,0,0.1,0.1,0.1
810,,178.1,0,0,0.1,0.1,0.1
811,,178.1,0,0,0.1,0.1,0.1
812,,178.1,0,0,0.1,0.1,0.1
813,,178.1,0,0,0.1,0.1,0.1
814,,178.1,0,0,0.1,0.1,0.1
815,,178.1,0,0,0.1,0.1,0.1
816,,178.1,0,0,0.1,0.1,0.1
817,,178.1,0,0,0.1,0.1,0.1
818,,178.1,0,0,0.1,0.1,0.1
819,,178.1,0,0,0.1,0.1,0.1
820,,178.1,0,0,0.1,0.1,0.1
821,,178.1,0,0,0.1,0.1,0.1
822,,178.1,0,0,0.1,0.1,0.1
823,,178.1,0,0,0.1,0.1,0.1
824,,178.1,0,0,0.1,0.1,0.1
825,,178.1,0,0,0.1,0.1,0.1
826,,178.1,0,0,0.1,0.1,0.1
827,,178.1,0,0,0.1,0.1,0.1
828,,178.1,0,0,0.1,0.1,0.1
829,,178.1,0,0,0.1,0.1,0.1
830,,178.1,0,0,0.1,0.1,0.1
831,,178.1,0,0,0.1,0.1,0.1
832,,178.1,0,0,0.1,0.1,0.1
833,,178.1,0,0,0.1,0.1,0.1
834,,178.1,0,0,0.1,0.1,0.1
835,,178.1,0,0,0.1,0.1,0.1
836,,178.1,0,0,0.1,0.1,0.1
837,,178.1,0,0,0.1,0.1,0.1
838,,178.1,0,0,0.1,0.1,0.1
839,,178.1,0,0,0.1,0.1,0.1
840,,178.1,0,0,0.1,0.1,0.1
841,,178.1,0,0,0.1,0.1,0.1
842,,178.1,0,0,0.1,0.1,0.1
843,,178.1,0,0,0.1,0.1,0.1
844,,178.1,0,0,0.1,0.1,0.1
845,,178.1,0,0,0.1,0.1,0.1
846,,178.1,0,0,0.1,0.1,0.1
847,,178.1,0,0,0.1,0.1,0.1
848,,178.1,0,0,0.1,0.1,0.1
849,,178.1,0,0,0.1,0.1,0.1
850,,178.1,0,0,0.1,0.1,0.1
851,,178.1,0,0,0.1,0.1,0.1
852,,178.1,0,0,0.1,0.1,0.1
853,,178.1,0,0,0.1,0.1,0.1
854,,178.1,0,0,0.1,0.1,0.1
855,,178.1,0,0,0.1,0.1,0.1
856,,178.1,0,0,0.1,0.1,0.1
857,,178.1,0,0,0.1,0.1,0.1
858,,178.1,0,0,0.1,0.1,0.1
859,,178.1,0,0,0.1,0.1,0.1
860,,178.1,0,0,0.1,0.1,0.1
861,,178.1,0,0,0.1,0.1,0.1
862,,178.1,0,0,0.1,0.1,0.1
863,,178.1,0,0,0.1,0.1,0.1
864,,178.1,0,0,0.1,0.1,0.1
865,,178.1,0,0,0.1,0.1,0.1
866,,178.1,0,0,0.1,0.1,0.1
867,,178.1,0,0,0.1,0.1,0.1
868,,178.1,0,0,0.1,0.1,0.1
869,,178.1,0,0,0.1,0.1,0.1
870,,178.1,0,0,0.1,0.1,0.1
871,,178.1,0,0,0.1,0.1,0.1
872,,178.1,0,0,0.1,0.1,0.1
873,,178.1,0,0,0.1,0.1,0.1
874,,178.1,0,0,0.1,0.1,0.1
875,,178.1,0,0,0.1,0.1,0.1
876,,178.1,0,0,0.1,0.1,0.1
877,,178.1,0,0,0.1,0.1,0.1
878,,178.1,0,0,0.1,0.1,0.1
879,,178.1,0,0,0.1,0.1,0.1
880,,178.1,0,0,0.1,0.1,0.1
881,,178.1,0,0,0.1,0.1,0.1
882,,178.1,0,0,0.1,0.1,0.1
883,,178.1,0,0,0.1,0.1,0.1
884,,178.1,0,0,0.1,0.1,0.1
885,,178.1,0,0,0.1,0.1,0.1
886,,178.1,0,0,0.1,0.1,0.1
887,,178.1,0,0,0.1,0.1,0.1
888,,178.1,0,0,0.1,0.1,0.1
889,,178.1,0,0,0.1,0.1,0.1
890,,178.1,0,0,0.1,0.1,0.1
891,,178.1,0,0,0.1,0.1,0.1
892,,178.1,0,0,0.1,0.1,0.1
893,,178.1,0,0,0.1,0.1,0.1
894,,178.1,0,0,0.1,0.1,0.1
895,,178.1,0,0,0.1,0.1,0.1
896,,178.1,0,0,0.1,0.1,0.1
897,,178.1,0,0,0.1,0.1,0.1
898,,178.1,0,0,0.1,0.1,0.1
899,,178.1,0,0,0.1,0.1,0.1
900,,178.1,0,0,0.1,0.1,0.1
901,,178.1,0,0,0.1,0.1,0.1
902,,178.1,0,0,0.1,0.1,0.1
903,,178.1,0,0,0.1,0.1,0.1
904,,178.1,0,0,0.1,0.1,0.1
905,,178.1,0,0,0.1,0.1,0.1
906,,178.1,0,0,0.1,0.1,0.1
907,,178.1,0,0,0.1,0.1,0.1
908,,178.1,0,0,0.1,0.1,0.1
909,,178.1,0,0,0.1,0.1,0.1
910,,178.1,0,0,0.1,0.1,0.1
911,,178.1,0,0,0.1,0.1,0.1
912,,178.1,0,0,0.1,0.1,0.1
913,,178.1,0,0,0.1,0.1,0.1
914,,178.1,0,0,0.1,0.1,0.1
915,,178.1,0,0,0.1,0.1,0.1
916,,178.1,0,0,0.1,0.1,0.1
917,,178.1,0,0,0.1,0.1,0.1
918,,178.1,0,0,0.1,0.1,0.1
919,,178.1,0,0,0.1,0.1,0.1
920,,178.1,0,0,0.1,0.1,0.1
921,,178.1,0,0,0.1,0.1,0.1
922,,178.1,0,0,0.1,0.1,0.1
923,,178.1,0,0,0.1,0.1,0.1
924,,178.1,0,0,0.1,0.1,0.1
925,,178.1,0,0,0.1,0.1,0.1
926,,178.1,0,0,0.1,0.1,0.1
927,,178.1,0,0,0.1,0.1,0.1
928,,178.1,0,0,0.1,0.1,0.1
929,,178.1,0,0,0.1,0.1,0.1
930,,178.1,0,0,0.1,0.1,0.1
931,,178.1,0,0,0.1,0.1,0.1
932,,178.1,0,0,0.1,0.1,0.1
933,,178.1,0,0,0.1,0.1,0.1
934,,178.1,0,0,0.1,0.1,0.1
935,,178.1,0,0,0.1,0.1,0.1
936,,178.1,0,0,0.1,0.1,0.1
937,,178.1,0,0,0.1,0.1,0.1
938,,178.1,0,0,0.1,0.1,0.1
939,,178.1,0,0,0.1,0.1,0.1
940,,178.1,0,0,0.1,0.1,0.1
941,,178.1,0,0,0.1,0.1,0.1
942,,178.1,0,0,0.1,0.1,0.1
943,,178.1,0,0,0.1,0.1,0.1
944,,178.1,0,0,0.1,0.1,0.1
945,,178.1,0,0,0.1,0.1,0.1
946,,178.1,0,0,0.1,0.1,0.1
947,,178.1,0,0,0.1,0.1,0.1
948,,178.1,0,0,0.1,0.1,0.1
949,,178.1,0,0,0.1,0.1,0.1
950,,178.1,0,0,0.1,0.1,0.1
951,,178.1,0,0,0.1,0.1,0.1
952,,178.1,0,0,0.1,0.1,0.1
953,,178.1,0,0,0.1,0.1,0.1
954,,178.1,0,0,0.1,0.1,0.1
955,,178.1,0,0,0.1,0.1,0.1
956,,178.1,0,0,0.1,0.1,0.1
957,,178.1,0,0,0.1,0.1,0.1
958,,178.1,0,0,0.1,0.1,0.1
959,,178.1,0,0,0.1,0.1,0.1
960,,178.1,0,0,0.1,0.1,0.1
961,,178.1,0,0,0.1,0.1,0.1
962,,178.1,0,0,0.1,0.1,0.1
963,,178.1,0,0,0.1,0.1,0.1
964,,178.1,0,0,0.1,0.1,0.1
965,,178.1,0,0,0.1,0.1,0.1
966,,178.1,0,0,0.1,0.1,0.1
967,,178.1,0,0,0.1,0.1,0.1
968,,178.1,0,0,0.1,0.1,0.1
969,,178.1,0,0,0.1,0.1,0.1
970,,178.1,0,0,0.1,0.1,0.1
971,,178.1,0,0,0.1,0.1,0.1
972,,178.1,0,0,0.1,0.1,0.1
973,,178.1,0,0,0.1,0.1,0.1
974,,178.1,0,0,0.1,0.1,0.1
975,,178.1,0,0,0.1,0.1,0.1
976,,178.1,0,0,0.1,0.1,0.1
977,,178.1,0,0,0.1,0.1,0.1
978,,178.1,0,0,0.1,0.1,0.1
979,,178.1,0,0,0.1,0.1,0.1
980,,178.1,0,0,0.1,0.1,0.1
981,,178.1,0,0,0.1,0.1,0.1
982,,178.1,0,0,0.1,0.1,0.1
983,,178.1,0,0,0.1,0.1,0.1
984,,178.1,0,0,0.1,0.1,0.1
985,,178.1,0,0,0.1,0.1,0.1
986,,178.1,0,0,0.1,0.1,0.1
987,,178.1,0,0,0.1,0.1,0.1
988,,178.1,0,0,0.1,0.1,0.1
989,,178.1,0,0,0.1,0.1,0.1
990,,178.1,0,0,0.1,0.1,0.1
991,,178.1,0,0,0.1,0.1,0.1
992,,178.1,0,0,0.1,0.1,0.1
993,,178.1,0,0,0.1,0.1,0.1
994,,178.1,0,0,0.1,0.1,0.1
995,,178.1,0,0,0.1,0.1,0.1
996,,178.1,0,0,0.1,0.1,0.1
997,,178.1,0,0,0.1,0.1,0.1
998,,178.1,0,0,0.1,0.1,0.1
999,,178.1,0,0,0.1,0.1,0.1
1000,,178.1,0,0,0.1,0.1,0.1
1001,,178.1,0,0,0.1,0.1,0.1
1002,,178.1,0,0,0.1,0.1,0.1
1003,,178.1,0,0,0.1,0.1,0.1
1004,,178.1,0,0,0.1,0.1,0.1
1005,,178.1,0,0,0.1,0.1,0.1
1006,,178.1,0,0,0.1,0.1,0.1
1007,,178.1,0,0,0.1,0.1,0.1
1008,,178.1,0,0,0.1,0.1,0.1
1009,,178.1,0,0,0.1,0.1,0.1
1010,,178.1,0,0,0.1,0.1,0.1
1011,,178.1,0,0,0.1,0.1,0.1
1012,,178.1,0,0,0.1,0.1,0.1
1013,,178.1,0,0,0.1,0.1,0.1
1014,,178.1,0,0,0.1,0.1,0.1
1015,,178.1,0,0,0.1,0.1,0.1
1016,,178.1,0,0,0.1,0.1,0.1
1017,,178.1,0,0,0.1,0.1,0.1
1018,,178.1,0,0,0.1,0.1,0.1
1019,,178.1,0,0,0.1,0.1,0.1
1020,,178.1,0,0,0.1,0.1,0.1
1021,,178.1,0,0,0.1,0.1,0.1
1022,,178.1,0,0,0.1,0.1,0.1
1023,,178.1,0,0,0.1,0.1,0.1
1024,,178.1,0,0,0.1,0.1,0.1
1025,,178.1,0,0,0.1,0.1,0.1
1026,,178.1,0,0,0.1,0.1,0.1
1027,,178.1,0,0,0.1,0.1,0.1
1028,,178.1,0,0,0.1,0.1,0.1
1029,,178.1,0,0,0.1,0.1,0.1
1030,,178.1,0,0,0.1,0.1,0.1
1031,,178.1,0,0,0.1,0.1,0.1
1032,,178.1,0,0,0.1,0.1,0.1
1033,,178.1,0,0,0.1,0.1,0.1
1034,,178.1,0,0,0.1,0.1,0.1
1035,,178.1,0,0,0.1,0.1,0.1
1036,,178.1,0,0,0.1,0.1,0.1
1037,,178.1,0,0,0.1,0.1,0.1
1038,,178.1,0,0,0.1,0.1,0.1
1039,,178.1,0,0,0.1,0.1,0.1
1040,,178.1,0,0,0.1,0.1,0.1
1041,,178.1,0,0,0.1,0.1,0.1
1042,,178.1,0,0,0.1,0.1,0.1
1043,,178.1,0,0,0.1,0.1,0.1
1044,,178.1,0,0,0.1,0.1,0.1
1045,,178.1,0,0,0.1,0.1,0.1
1046,,178.1,0,0,0.1,0.1,0.1
1047,,178.1,0,0,0.1,0.1,0.1
1048,,178.1,0,0,0.1,0.1,0.1
1049,,178.1,0,0,0.1,0.1,0.1
1050,,178.1,0,0,0.1,0.1,0.1
1051,,178.1,0,0,0.1,0.1,0.1
1052,,178.1,0,0,0.1,0.1,0.1
1053,,178.1,0,0,0.1,0.1,0.1
1054,,178.1,0,0,0.1,0.1,0.1
1055,,178.1,0,0,0.1,0.1,0.1
1056,,178.1,0,0,0.1,0.1,0.1
1057,,178.1,0,0,0.1,0.1,0.1
1058,,178.1,0,0,0.1,0.1,0.1
1059,,178.1,0,0,0.1,0.1,0.1
1060,,178.1,0,0,0.1,0.1,0.1
1061,,178.1,0,0,0.1,0.1,0.1
1062,,178.1,0,0,0.1,0.1,0.1
1063,,178.1,0,0,0.1,0.1,0.1
1064,,178.1,0,0,0.1,0.1,0.1
1065,,178.1,0,0,0.1,0.1,0.1
1066,,178.1,0,0,0.1,0.1,0.1
1067,,178.1,0,0,0.1,0.1,0.1
1068,,178.1,0,0,0.1,0.1,0.1
1069,,178.1,0,0,0.1,0.1,0.1
1070,,178.1,0,0,0.1,0.1,0.1
1071,,178.1,0,0,0.1,0.1,0.1
1072,,178.1,0,0,0.1,0.1,0.1
1073,,178.1,0,0,0.1,0.1,0.1
1074,,178.1,0,0,0.1,0.1,0.1
1075,,178.1,0,0,0.1,0.1,0.1
1076,,178.1,0,0,0.1,0.1,0.1
1077,,178.1,0,0,0.1,0.1,0.1
1078,,178.1,0,0,0.1,0.1,0.1
1079,,178.1,0,0,0.1,0.1,0.1
1080,,178.1,0,0,0.1,0.1,0.1
1081,,178.1,0,0,0.1,0.1,0.1
1082,,178.1,0,0,0.1,0.1,0.1
1083,,178.1,0,0,0.1,0.1,0.1
1084,,178.1,0,0,0.1,0.1,0.1
1085,,178.1,0,0,0.1,0.1,0.1
1086,,178.1,0,0,0.1,0.1,0.1
1087,,178.1,0,0,0.1,0.1,0.1
1088,,178.1,0,0,0.1,0.1,0.1
1089,,178.1,0,0,0.1,0.1,0.1
1090,,178.1,0,0,0.1,0.1,0.1
1091,,178.1,0,0,0.1,0.1,0.1
1092,,178.1,0,0,0.1,0.1,0.1
1093,,178.1,0,0,0.1,0.1,0.1
1094,,178.1,0,0,0.1,0.1,0.1
1095,,178.1,0,0,0.1,0.1,0.1
1096,,178.1,0,0,0.1,0.1,0.1
1097,,178.1,0,0,0.1,0.1,0.1
1098,,178.1,0,0,0.1,0.1,0.1
1099,,178.1,0,0,0.1,0.1,0.1
1100,,178.1,0,0,0.1,0.1,0.1
1101,,178.1,0,0,0.1,0.1,0.1
1102,,178.1,0,0,0.1,0.1,0.1
1103,,178.1,0,0,0.1,0.1,0.1
1104,,178.1,0,0,0.1,0.1,0.1
1105,,178.1,0,0,0.1,0.1,0.1
1106,,178.1,0,0,0.1,0.1,0.1
1107,,178.1,0,0,0.1,0.1,0.1
1108,,178.1,0,0,0.1,0.1,0.1
1109,,178.1,0,0,0.1,0.1,0.1
1110,,178.1,0,0,0.1,0.1,0.1
1111,,178.1,0,0,0.1,0.1,0.1
1112,,178.1,0,0,0.1,0.1,0.1
1113,,178.1,0,0,0.1,0.1,0.1
1114,,178.1,0,0,0.1,0.1,0.1
1115,,178.1,0,0,0.1,0.1,0.1
1116,,178.1,0,0,0.1,0.1,0.1
1117,,178.1,0,0,0.1,0.1,0.1
1118,,178.1,0,0,0.1,0.1,0.1
1119,,178.1,0,0,0.1,0.1,0.1
1120,,178.1,0,0,0.1,0.1,0.1
1121,,178.1,0,0,0.1,0.1,0.1
1122,,178.1,0,0,0.1,0.1,0.1
1123,,178.1,0,0,0.1,0.1,0.1
1124,,178.1,0,0,0.1,0.1,0.1
1125,,178.1,0,0,0.1,0.1,0.1
1126,,178.1,0,0,0.1,0.1,0.1
1127,,178.1,0,0,0.1,0.1,0.1
1128,,178.1,0,0,0.1,0.1,0.1
1129,,178.1,0,0,0.1,0.1,0.1
1130,,178.1,0,0,0.1,0.1,0.1
1131,,178.1,0,0,0.1,0.1,0.1
1132,,178.1,0,0,0.1,0.1,0.1
1133,,178.1,0,0,0.1,0.1,0.1
1134,,178.1,0,0,0.1,0.1,0.1
1135,,178.1,0,0,0.1,0.1,0.1
1136,,178.1,0,0,0.1,0.1,0.1
1137,,178.1,0,0,0.1,0.1,0.1
1138,,178.1,0,0,0.1,0.1,0.1
1139,,178.1,0,0,0.1,0.1,0.1
1140,,178.1,0,0,0.1,0.1,0.1
1141,,178.1,0,0,0.1,0.1,0.1
1142,,178.1,0,0,0.1,0.1,0.1
1143,,178.1,0,0,0.1,0.1,0.1
1144,,178.1,0,0,0.1,0.1,0.1
1145,,178.1,0,0,0.1,0.1,0.1
1146,,178.1,0,0,0.1,0.1,0.1
1147,,178.1,0,0,0.1,0.1,0.1
1148,,178.1,0,0,0.1,0.1,0.1
1149,,178.1,0,0,0.1,0.1,0.1
1150,,178.1,0,0,0.1,0.1,0.1
1151,,178.1,0,0,0.1,0.1,0.1
1152,,178.1,0,0,0.1,0.1,0.1
1153,,178.1,0,0,0.1,0.1,0.1
1154,,178.1,0,0,0.1,0.1,0.1
1155,,178.1,0,0,0.1,0.1,0.1
1156,,178.1,0,0,0.1,0.1,0.1
1157,,178.1,0,0,0.1,0.1,0.1
1158,,178.1,0,0,0.1,0.1,0.1
1159,,178.1,0,0,0.1,0.1,0.1
1160,,178.1,0,0,0.1,0.1,0.1
1161,,178.1,0,0,0.1,0.1,0.1
1162,,178.1,0,0,0.1,0.1,0.1
1163,,178.1,0,0,0.1,0.1,0.1
1164,,178.1,0,0,0.1,0.1,0.1
1165,,178.1,0,0,0.1,0.1,0.1
1166,,178.1,0,0,0.1,0.1,0.1
1167,,178.1,0,0,0.1,0.1,0.1
1168,,178.1,0,0,0.1,0.1,0.1
1169,,178.1,0,0,0.1,0.1,0.1
1170,,178.1,0,0,0.1,0.1,0.1
1171,,178.1,0,0,0.1,0.1,0.1
1172,,178.1,0,0,0.1,0.1,0.1
1173,,178.1,0,0,0.1,0.1,0.1
1174,,178.1,0,0,0.1,0.1,0.1
1175,,178.1,0,0,0.1,0.1,0.1
1176,,178.1,0,0,0.1,0.1,0.1
1177,,178.1,0,0,0.1,0.1,0.1
1178,,178.1,0,0,0.1,0.1,0.1
1179,,178.1,0,0,0.1,0.1,0.1
1180,,178.1,0,0,0.1,0.1,0.1
1181,,178.1,0,0,0.1,0.1,0.1
1182,,178.1,0,0,0.1,0.1,0.1
1183,,178.1,0,0,0.1,0.1,0.1
1184,,178.1,0,0,0.1,0.1,0.1
1185,,178.1,0,0,0.1,0.1,0.1
1186,,178.1,0,0,0.1,0.1,0.1
1187,,178.1,0,0,0.1,0.1,0.1
1188,,178.1,0,0,0.1,0.1,0.1
1189,,178.1,0,0,0.1,0.1,0.1
1190,,178.1,0,0,0.1,0.1,0.1
1191,,178.1,0,0,0.1,0.1,0.1
1192,,178.1,0,0,0.1,0.1,0.1
1193,,178.1,0,0,0.1,0.1,0.1
1194,,178.1,0,0,0.1,0.1,0.1
1195,,178.1,0,0,0.1,0.1,0.1
1196,,178.1,0,0,0.1,0.1,0.1
1197,,178.1,0,0,0.1,0.1,0.1
1198,,178.1,0,0,0.1,0.1,0.1
1199,,178.1,0,0,0.1,0.1,0.1
1200,,178.1,0,0,0.1,0.1,0.1
1201,,178.1,0,0,0.1,0.1,0.1
1202,,178.1,0,0,0.1,0.1,0.1
1203,,178.1,0,0,0.1,0.1,0.1
1204,,178.1,0,0,0.1,0.1,0.1
1205,,178.1,0,0,0.1,0.1,0.1
1206,,178.1,0,0,0.1,0.1,0.1
1207,,178.1,0,0,0.1,0.1,0.1
1208,,178.1,0,0,0.1,0.1,0.1
1209,,178.1,0,0,0.1,0.1,0.1
1210,,178.1,0,0,0.1,0.1,0.1
1211,,178.1,0,0,0.1,0.1,0.1
1212,,178.1,0,0,0.1,0.1,0.1
1213,,178.1,0,0,0.1,0.1,0.1
1214,,178.1,0,0,0.1,0.1,0.1
1215,,178.1,0,0,0.1,0.1,0.1
1216,,178.1,0,0,0.1,0.1,0.1
1217,,178.1,0,0,0.1,0.1,0.1
1218,,178.1,0,0,0.1,0.1,0.1
1219,,178.1,0,0,0.1,0.1,0.1
1220,,178.1,0,0,0.1,0.1,0.1
1221,,178.1,0,0,0.1,0.1,0.1
1222,,178.1,0,0,0.1,0.1,0.1
1223,,178.1,0,0,0.1,0.1,0.1
1224,,178.1,0,0,0.1,0.1,0.1
1225,,178.1,0,0,0.1,0.1,0.1
1226,,178.1,0,0,0.1,0.1,0.1
1227,,178.1,0,0,0.1,0.1,0.1
1228,,178.1,0,0,0.1,0.1,0.1
1229,,178.1,0,0,0.1,0.1,0.1
1230,,178.1,0,0,0.1,0.1,0.1
1231,,178.1,0,0,0.1,0.1,0.1
1232,,178.1,0,0,0.1,0.1,0.1
1233,,178.1,0,0,0.1,0.1,0.1
1234,,178.1,0,0,0.1,0.1,0.1
1235,,178.1,0,0,0.1,0.1,0.1
1236,,178.1,0,0,0.1,0.1,0.1
1237,,178.1,0,0,0.1,0.1,0.1
1238,,178.1,0,0,0.1,0.1,0.1
1239,,178.1,0,0,0.1,0.1,0.1
1240,,178.1,0,0,0.1,0.1,0.1
1241,,178.1,0,0,0.1,0.1,0.1
1242,,178.1,0,0,0.1,0.1,0.1
1243,,178.1,0,0,0.1,0.1,0.1
1244,,178.1,0,0,0.1,0.1,0.1
1245,,178.1,0,0,0.1,0.1,0.1
1246,,178.1,0,0,0.1,0.1,0.1
1247,,178.1,0,0,0.1,0.1,0.1
1248,,178.1,0,0,0.1,0.1,0.1
1249,,178.1,0,0,0.1,0.1,0.1
1250,,178.1,0,0,0.1,0.1,0.1
1251,,178.1,0,0,0.1,0.1,0.1
1252,,178.1,0,0,0.1,0.1,0.1
1253,,178.1,0,0,0.1,0.1,0.1
1254,,178.1,0,0,0.1,0.1,0.1
1255,,178.1,0,0,0.1,0.1,0.1
1256,,178.1,0,0,0.1,0.1,0.1
1257,,178.1,0,0,0.1,0.1,0.1
1258,,178.1,0,0,0.1,0.1,0.1
1259,,178.1,0,0,0.1,0.1,0.1
1260,,178.1,0,0,0.1,0.1,0.1
1261,,178.1,0,0,0.1,0.1,0.1
1262,,178.1,0,0,0.1,0.1,0.1
1263,,178.1,0,0,0.1,0.1,0.1
1264,,178.1,0,0,0.1,0.1,0.1
1265,,178.1,0,0,0.1,0.1,0.1
1266,,178.1,0,0,0.1,0.1,0.1
1267,,178.1,0,0,0.1,0.1,0.1
1268,,178.1,0,0,0.1,0.1,0.1
1269,,178.1,0,0,0.1,0.1,0.1
1270,,178.1,0,0,0.1,0.1,0.1
1271,,178.1,0,0,0.1,0.1,0.1
1272,,178.1,0,0,0.1,0.1,0.1
1273,,178.1,0,0,0.1,0.1,0.1
1274,,178.1,0,0,0.1,0.1,0.1
1275,,178.1,0,0,0.1,0.1,0.1
1276,,178.1,0,0,0.1,0.1,0.1
1277,,178.1,0,0,0.1,0.1,0.1
1278,,178.1,0,0,0.1,0.1,0.1
1279,,178.1,0,0,0.1,0.1,0.1
1280,,178.1,0,0,0.1,0.1,0.1
1281,,178.1,0,0,0.1,0.1,0.1
1282,,178.1,0,0,0.1,0.1,0.1
1283,,178.1,0,0,0.1,0.1,0.1
1284,,178.1,0,0,0.1,0.1,0.1
1285,,178.1,0,0,0.1,0.1,0.1
1286,,178.1,0,0,0.1,0.1,0.1
1287,,178.1,0,0,0.1,0.1,0.1
1288,,178.1,0,0,0.1,0.1,0.1
1289,,178.1,0,0,0.1,0.1,0.1
1290,,178.1,0,0,0.1,0.1,0.1
1291,,178.1,0,0,0.1,0.1,0.1
1292,,178.1,0,0,0.1,0.1,0.1
1293,,178.1,0,0,0.1,0.1,0.1
1294,,178.1,0,0,0.1,0.1,0.1
1295,,178.1,0,0,0.1,0.1,0.1
1296,,178.1,0,0,0.1,0.1,0.1
1297,,178.1,0,0,0.1,0.1,0.1
1298,,178.1,0,0,0.1,0.1,0.1
1299,,178.1,0,0,0.1,0.1,0.1
1300,,178.1,0,0,0.1,0.1,0.1
1301,,178.1,0,0,0.1,0.1,0.1
1302,,178.1,0,0,0.1,0.1,0.1
1303,,178.1,0,0,0.1,0.1,0.1
1304,,178.1,0,0,0.1,0.1,0.1
1305,,178.1,0,0,0.1,0.1,0.1
1306,,178.1,0,0,0.1,0.1,0.1
1307,,178.1,0,0,0.1,0.1,0.1
1308,,178.1,0,0,0.1,0.1,0.1
1309,,178.1,0,0,0.1,0.1,0.1
1310,,178.1,0,0,0.1,0.1,0.1
1311,,178.1,0,0,0.1,0.1,0.1
1312,,178.1,0,0,0.1,0.1,0.1
1313,,178.1,0,0,0.1,0.1,0.1
1314,,178.1,0,0,0.1,0.1,0.1
1315,,178.1,0,0,0.1,0.1,0.1
1316,,178.1,0,0,0.1,0.1,0.1
1317,,178.1,0,0,0.1,0.1,0.1
1318,,178.1,0,0,0.1,0.1,0.1
1319,,178.1,0,0,0.1,0.1,0.1
1320,,178.1,0,0,0.1,0.1,0.1
1321,,178.1,0,0,0.1,0.1,0.1
1322,,178.1,0,0,0.1,0.1,0.1
1323,,178.1,0,0,0.1,0.1,0.1
1324,,178.1,0,0,0.1,0.1,0.1
1325,,178.1,0,0,0.1,0.1,0.1
1326,,178.1,0,0,0.1,0.1,0.1
1327,,178.1,0,0,0.1,0.1,0.1
1328,,178.1,0,0,0.1,0.1,0.1
1329,,178.1,0,0,0.1,0.1,0.1
1330,,178.1,0,0,0.1,0.1,0.1
1331,,178.1,0,0,0.1,0.1,0.1
1332,,178.1,0,0,0.1,0.1,0.1
1333,,178.1,0,0,0.1,0.1,0.1
1334,,178.1,0,0,0.1,0.1,0.1
1335,,178.1,0,0,0.1,0.1,0.1
1336,,178.1,0,0,0.1,0.1,0.1
1337,,178.1,0,0,0.1,0.1,0.1
1338,,178.1,0,0,0.1,0.1,0.1
1339,,178.1,0,0,0.1,0.1,0.1
1340,,178.1,0,0,0.1,0.1,0.1
1341,,178.1,0,0,0.1,0.1,0.1
1342,,178.1,0,0,0.1,0.1,0.1
1343,,178.1,0,0,0.1,0.1,0.1
1344,,178.1,0,0,0.1,0.1,0.1
1345,,178.1,0,0,0.1,0.1,0.1
1346,,178.1,0,0,0.1,0.1,0.1
1347,,178.1,0,0,0.1,0.1,0.1
1348,,178.1,0,0,0.1,0.1,0.1
1349,,178.1,0,0,0.1,0.1,0.1
1350,,178.1,0,0,0.1,0.1,0.1
1351,,178.1,0,0,0.1,0.1,0.1
1352,,178.1,0,0,0.1,0.1,0.1
1353,,178.1,0,0,0.1,0.1,0.1
1354,,178.1,0,0,0.1,0.1,0.1
1355,,178.1,0,0,0.1,0.1,0.1
1356,,178.1,0,0,0.1,0.1,0.1
1357,,178.1,0,0,0.1,0.1,0.1
1358,,178.1,0,0,0.1,0.1,0.1
1359,,178.1,0,0,0.1,0.1,0.1
1360,,178.1,0,0,0.1,0.1,0.1
1361,,178.1,0,0,0.1,0.1,0.1
1362,,178.1,0,0,0.1,0.1,0.1
1363,,178.1,0,0,0.1,0.1,0.1
1364,,178.1,0,0,0.1,0.1,0.1
1365,,178.1,0,0,0.1,0.1,0.1
1366,,178.1,0,0,0.1,0.1,0.1
1367,,178.1,0,0,0.1,0.1,0.1
1368,,178.1,0,0,0.1,0.1,0.1
1369,,178.1,0,0,0.1,0.1,0.1
1370,,178.1,0,0,0.1,0.1,0.1
1371,,178.1,0,0,0.1,0.1,0.1
1372,,178.1,0,0,0.1,0.1,0.1
1373,,178.1,0,0,0.1,0.1,0.1
1374,,178.1,0,0,0.1,0.1,0.1
1375,,178.1,0,0,0.1,0.1,0.1
1376,,178.1,0,0,0.1,0.1,0.1
1377,,178.1,0,0,0.1,0.1,0.1
1378,,178.1,0,0,0.1,0.1,0.1
1379,,178.1,0,0,0.1,0.1,0.1
1380,,178.1,0,0,0.1,0.1,0.1
1381,,178.1,0,0,0.1,0.1,0.1
1382,,178.1,0,0,0.1,0.1,0.1
1383,,178.1,0,0,0.1,0.1,0.1
1384,,178.1,0,0,0.1,0.1,0.1
1385,,178.1,0,0,0.1,0.1,0.1
1386,,178.1,0,0,0.1,0.1,0.1
1387,,178.1,0,0,0.1,0.1,0.1
1388,,178.1,0,0,0.1,0.1,0.1
1389,,178.1,0,0,0.1,0.1,0.1
1390,,178.1,0,0,0.1,0.1,0.1
1391,,178.1,0,0,0.1,0.1,0.1
1392,,178.1,0,0,0.1,0.1,0.1
1393,,178.1,0,0,0.1,0.1,0.1
1394,,178.1,0,0,0.1,0.1,0.1
1395,,178.1,0,0,0.1,0.1,0.1
1396,,178.1,0,0,0.1,0.1,0.1
1397,,178.1,0,0,0.1,0.1,0.1
1398,,178.1,0,0,0.1,0.1,0.1
1399,,178.1,0,0,0.1,0.1,0.1
1400,,178.1,0,0,0.1,0.1,0.1
1401,,178.1,0,0,0.1,0.1,0.1
1402,,178.1,0,0,0.1,0.1,0.1
1403,,178.1,0,0,0.1,0.1,0.1
1404,,178.1,0,0,0.1,0.1,0.1
1405,,178.1,0,0,0.1,0.1,0.1
1406,,178.1,0,0,0.1,0.1,0.1
1407,,178.1,0,0,0.1,0.1,0.1
1408,,178.1,0,0,0.1,0.1,0.1
1409,,178.1,0,0,0.1,0.1,0.1
1410,,178.1,0,0,0.1,0.1,0.1
1411,,178.1,0,0,0.1,0.1,0.1
1412,,178.1,0,0,0.1,0.1,0.1
1413,,178.1,0,0,0.1,0.1,0.1
1414,,178.1,0,0,0.1,0.1,0.1
1415,,178.1,0,0,0.1,0.1,0.1
1416,,178.1,0,0,0.1,0.1,0.1
1417,,178.1,0,0,0.1,0.1,0.1
1418,,178.1,0,0,0.1,0.1,0.1
1419,,178.1,0,0,0.1,0.1,0.1
1420,,178.1,0,0,0.1,0.1,0.1
1421,,178.1,0,0,0.1,0.1,0.1
1422,,178.1,0,0,0.1,0.1,0.1
1423,,178.1,0,0,0.1,0.1,0.1
1424,,178.1,0,0,0.1,0.1,0.1
1425,,178.1,0,0,0.1,0.1,0.1
1426,,178.1,0,0,0.1,0.1,0.1
1427,,178.1,0,0,0.1,0.1,0.1
1428,,178.1,0,0,0.1,0.1,0.1
1429,,178.1,0,0,0.1,0.1,0.1
1430,,178.1,0,0,0.1,0.1,0.1
1431,,178.1,0,0,0.1,0.1,0.1
1432,,178.1,0,0,0.1,0.1,0.1
1433,,178.1,0,0,0.1,0.1,0.1
1434,,178.1,0,0,0.1,0.1,0.1
1435,,178.1,0,0,0.1,0.1,0.1
1436,,178.1,0,0,0.1,0.1,0.1
1437,,178.1,0,0,0.1,0.1,0.1
1438,,178.1,0,0,0.1,0.1,0.1
1439,,178.1,0,0,0.1,0.1,0.1
1440,,178.1,0,0,0.1,0.1,0.1
1441,,178.1,0,0,0.1,0.1,0.1
1442,,178.1,0,0,0.1,0.1,0.1
1443,,178.1,0,0,0.1,0.1,0.1
1444,,178.1,0,0,0.1,0.1,0.1
1445,,178.1,0,0,0.1,0.1,0.1
1446,,178.1,0,0,0.1,0.1,0.1
1447,,178.1,0,0,0.1,0.1,0.1
1448,,178.1,0,0,0.1,0.1,0.1
1449,,178.1,0,0,0.1,0.1,0.1
1450,,178.1,0,0,0.1,0.1,0.1
1451,,178.1,0,0,0.1,0.1,0.1
1452,,178.1,0,0,0.1,0.1,0.1
1453,,178.1,0,0,0.1,0.1,0.1
1454,,178.1,0,0,0.1,0.1,0.1
1455,,178.1,0,0,0.1,0.1,0.1
1456,,178.1,0,0,0.1,0.1,0.1
1457,,178.1,0,0,0.1,0.1,0.1
1458,,178.1,0,0,0.1,0.1,0.1
1459,,178.1,0,0,0.1,0.1,0.1
1460,,178.1,0,0,0.1,0.1,0.1
1461,,178.1,0,0,0.1,0.1,0.1
1462,,178.1,0,0,0.1,0.1,0.1
1463,,178.1,0,0,0.1,0.1,0.1
1464,,178.1,0,0,0.1,0.1,0.1
1465,,178.1,0,0,0.1,0.1,0.1
1466,,178.1,0,0,0.1,0.1,0.1
1467,,178.1,0,0,0.1,0.1,0.1
1468,,178.1,0,0,0.1,0.1,0.1
1469,,178.1,0,0,0.1,0.1,0.1
1470,,178.1,0,0,0.1,0.1,0.1
1471,,178.1,0,0,0.1,0.1,0.1
1472,,178.1,0,0,0.1,0.1,0.1
1473,,178.1,0,0,0.1,0.1,0.1
1474,,178.1,0,0,0.1,0.1,0.1
1475,,178.1,0,0,0.1,0.1,0.1
1476,,178.1,0,0,0.1,0.1,0.1
1477,,178.1,0,0,0.1,0.1,0.1
1478,,178.1,0,0,0.1,0.1,0.1
1479,,178.1,0,0,0.1,0.1,0.1
1480,,178.1,0,0,0.1,0.1,0.1
1481,,178.1,0,0,0.1,0.1,0.1
1482,,178.1,0,0,0.1,0.1,0.1
1483,,178.1,0,0,0.1,0.1,0.1
1484,,178.1,0,0,0.1,0.1,0.1
1485,,178.1,0,0,0.1,0.1,0.1
1486,,178.1,0,0,0.1,0.1,0.1
1487,,178.1,0,0,0.1,0.1,0.1
1488,,178.1,0,0,0.1,0.1,0.1
1489,,178.1,0,0,0.1,0.1,0.1
1490,,178.1,0,0,0.1,0.1,0.1
1491,,178.1,0,0,0.1,0.1,0.1
1492,,178.1,0,0,0.1,0.1,0.1
1493,,178.1,0,0,0.1,0.1,0.1
1494,,178.1,0,0,0.1,0.1,0.1
1495,,178.1,0,0,0.1,0.1,0.1
1496,,178.1,0,0,0.1,0.1,0.1
1497,,178.1,0,0,0.1,0.1,0.1
1498,,178.1,0,0,0.1,0.1,0.1
1499,,178.1,0,0,0.1,0.1,0.1
1500,,178.1,0,0,0.1,0.1,0.1
1501,,178.1,0,0,0.1,0.1,0.1
1502,,178.1,0,0,0.1,0.1,0.1
1503,,178.1,0,0,0.1,0.1,0.1
1504,,178.1,0,0,0.1,0.1,0.1
1505,,178.1,0,0,0.1,0.1,0.1
1506,,178.1,0,0,0.1,0.1,0.1
1507,,178.1,0,0,0.1,0.1,0.1
1508,,178.1,0,0,0.1,0.1,0.1
1509,,178.1,0,0,0.1,0.1,0.1
1510,,178.1,0,0,0.1,0.1,0.1
1511,,178.1,0,0,0.1,0.1,0.1
1512,,178.1,0,0,0.1,0.1,0.1
1513,,178.1,0,0,0.1,0.1,0.1
1514,,178.1,0,0,0.1,0.1,0.1
1515,,178.1,0,0,0.1,0.1,0.1
1516,,178.1,0,0,0.1,0.1,0.1
1517,,178.1,0,0,0.1,0.1,0.1
1518,,178.1,0,0,0.1,0.1,0.1
1519,,178.1,0,0,0.1,0.1,0.1
1520,,178.1,0,0,0.1,0.1,0.1
1521,,178.1,0,0,0.1,0.1,0.1
1522,,178.1,0,0,0.1,0.1,0.1
1523,,178.1,0,0,0.1,0.1,0.1
1524,,178.1,0,0,0.1,0.1,0.1
1525,,178.1,0,0,0.1,0.1,0.1
1526,,178.1,0,0,0.1,0.1,0.1
1527,,178.1,0,0,0.1,0.1,0.1
1528,,178.1,0,0,0.1,0.1,0.1
1529,,178.1,0,0,0.1,0.1,0.1
1530,,178.1,0,0,0.1,0.1,0.1
1531,,178.1,0,0,0.1,0.1,0.1
1532,,178.1,0,0,0.1,0.1,0.1
1533,,178.1,0,0,0.1,0.1,0.1
1534,,178.1,0,0,0.1,0.1,0.1
1535,,178.1,0,0,0.1,0.1,0.1
1536,,178.1,0,0,0.1,0.1,0.1
1537,,178.1,0,0,0.1,0.1,0.1
1538,,178.1,0,0,0.1,0.1,0.1
1539,,178.1,0,0,0.1,0.1,0.1
1540,,178.1,0,0,0.1,0.1,0.1
1541,,178.1,0,0,0.1,0.1,0.1
1542,,178.1,0,0,0.1,0.1,0.1
1543,,178.1,0,0,0.1,0.1,0.1
1544,,178.1,0,0,0.1,0.1,0.1
1545,,178.1,0,0,0.1,0.1,0.1
1546,,178.1,0,0,0.1,0.1,0.1
1547,,178.1,0,0,0.1,0.1,0.1
1548,,178.1,0,0,0.1,0.1,0.1
1549,,178.1,0,0,0.1,0.1,0.1
1550,,178.1,0,0,0.1,0.1,0.1
1551,,178.1,0,0,0.1,0.1,0.1
1552,,178.1,0,0,0.1,0.1,0.1
1553,,178.1,0,0,0.1,0.1,0.1
1554,,178.1,0,0,0.1,0.1,0.1
1555,,178.1,0,0,0.1,0.1,0.1
1556,,178.1,0,0,0.1,0.1,0.1
1557,,178.1,0,0,0.1,0.1,0.1
1558,,178.1,0,0,0.1,0.1,0.1
1559,,178.1,0,0,0.1,0.1,0.1
1560,,178.1,0,0,0.1,0.1,0.1
1561,,178.1,0,0,0.1,0.1,0.1
1562,,178.1,0,0,0.1,0.1,0.1
1563,,178.1,0,0,0.1,0.1,0.1
1564,,178.1,0,0,0.1,0.1,0.1
1565,,178.1,0,0,0.1,0.1,0.1
1566,,178.1,0,0,0.1,0.1,0.1
1567,,178.1,0,0,0.1,0.1,0.1
1568,,178.1,0,0,0.1,0.1,0.1
1569,,178.1,0,0,0.1,0.1,0.1
1570,,178.1,0,0,0.1,0.1,0.1
1571,,178.1,0,0,0.1,0.1,0.1
1572,,178.1,0,0,0.1,0.1,0.1
1573,,178.1,0,0,0.1,0.1,0.1
1574,,178.1,0,0,0.1,0.1,0.1
1575,,178.1,0,0,0.1,0.1,0.1
1576,,178.1,0,0,0.1,0.1,0.1
1577,,178.1,0,0,0.1,0.1,0.1
1578,,178.1,0,0,0.1,0.1,0.1
1579,,178.1,0,0,0.1,0.1,0.1
1580,,178.1,0,0,0.1,0.1,0.1
1581,,178.1,0,0,0.1,0.1,0.1
1582,,178.1,0,0,0.1,0.1,0.1
1583,,178.1,0,0,0.1,0.1,0.1
1584,,178.1,0,0,0.1,0.1,0.1
1585,,178.1,0,0,0.1,0.1,0.1
1586,,178.1,0,0,0.1,0.1,0.1
1587,,178.1,0,0,0.1,0.1,0.1
1588,,178.1,0,0,0.1,0.1,0.1
1589,,178.1,0,0,0.1,0.1,0.1
1590,,178.1,0,0,0.1,0.1,0.1
1591,,178.1,0,0,0.1,0.1,0.1
1592,,178.1,0,0,0.1,0.1,0.1
1593,,178.1,0,0,0.1,0.1,0.1
1594,,178.1,0,0,0.1,0.1,0.1
1595,,178.1,0,0,0.1,0.1,0.1
1596,,178.1,0,0,0.1,0.1,0.1
1597,,178.1,0,0,0.1,0.1,0.1
1598,,178.1,0,0,0.1,0.1,0.1
1599,,178.1,0,0,0.1,0.1,0.1
1600,,178.1,0,0,0.1,0.1,0.1
1601,,178.1,0,0,0.1,0.1,0.1
1602,,178.1,0,0,0.1,0.1,0.1
1603,,178.1,0,0,0.1,0.1,0.1
1604,,178.1,0,0,0.1,0.1,0.1
1605,,178.1,0,0,0.1,0.1,0.1
1606,,178.1,0,0,0.1,0.1,0.1
1607,,178.1,0,0,0.1,0.1,0.1
1608,,178.1,0,0,0.1,0.1,0.1
1609,,178.1,0,0,0.1,0.1,0.1
1610,,178.1,0,0,0.1,0.1,0.1
1611,,178.1,0,0,0.1,0.1,0.1
1612,,178.1,0,0,0.1,0.1,0.1
1613,,178.1,0,0,0.1,0.1,0.1
1614,,178.1,0,0,0.1,0.1,0.1
1615,,178.1,0,0,0.1,0.1,0.1
1616,,178.1,0,0,0.1,0.1,0.1
1617,,178.1,0,0,0.1,0.1,0.1
1618,,178.1,0,0,0.1,0.1,0.1
1619,,178.1,0,0,0.1,0.1,0.1
1620,,178.1,0,0,0.1,0.1,0.1
1621,,178.1,0,0,0.1,0.1,0.1
1622,,178.1,0,0,0.1,0.1,0.1
1623,,178.1,0,0,0.1,0.1,0.1
